6.150990962982177734e+00
5.022140502929687500e+00
4.759649753570556641e+00
1.507544398307800293e+00
9.901821017265319824e-01
1.322566747665405273e+00
9.883652329444885254e-01
1.473114013671875000e+00
1.206134796142578125e+00
1.323728442192077637e+00
1.083751201629638672e+00
9.485079050064086914e-01
1.290977835655212402e+00
1.059970378875732422e+00
1.239188909530639648e+00
1.278293609619140625e+00
1.507655620574951172e+00
1.206682920455932617e+00
1.010403990745544434e+00
1.007741093635559082e+00
8.511238098144531250e-01
2.152698993682861328e+00
6.194438934326171875e-01
5.870802998542785645e-01
1.217510819435119629e+00
1.132454156875610352e+00
9.440748095512390137e-01
3.421335518360137939e-01
1.931385159492492676e+00
1.483347773551940918e+00
9.344172477722167969e-01
1.246535301208496094e+00
1.568257689476013184e+00
1.302322387695312500e+00
1.174637913703918457e+00
1.082116842269897461e+00
1.297018766403198242e+00
1.297079086303710938e+00
1.129361629486083984e+00
9.200138449668884277e-01
1.185772895812988281e+00
8.248615264892578125e-01
2.494277805089950562e-01
7.539587616920471191e-01
1.512209415435791016e+00
1.344649553298950195e+00
1.185148954391479492e+00
1.293108105659484863e+00
1.513395547866821289e+00
1.560149431228637695e+00
1.347406029701232910e+00
1.047253966331481934e+00
7.892199158668518066e-01
1.386830359697341919e-01
2.575017690658569336e+00
1.179227113723754883e+00
8.794095516204833984e-01
1.049275636672973633e+00
1.647747993469238281e+00
1.339177608489990234e+00
1.218974947929382324e+00
1.505844473838806152e+00
1.572537064552307129e+00
1.442147612571716309e+00
1.252315402030944824e+00
1.322352647781372070e+00
1.439958810806274414e+00
1.108404517173767090e+00
2.008123397827148438e+00
1.543121218681335449e+00
1.463504910469055176e+00
1.573557853698730469e+00
1.338258266448974609e+00
1.343024015426635742e+00
1.212923884391784668e+00
1.156239509582519531e+00
1.233413815498352051e+00
1.157362222671508789e+00
1.401747107505798340e+00
7.518396377563476562e-01
3.677039146423339844e-01
7.574405670166015625e-01
9.828203916549682617e-01
2.692475557327270508e+00
1.116692304611206055e+00
1.189480304718017578e+00
1.282576322555541992e+00
1.210904121398925781e+00
1.189321398735046387e+00
1.095881462097167969e+00
1.255365371704101562e+00
1.008028030395507812e+00
7.797179222106933594e-01
2.360335111618041992e+00
9.853044748306274414e-01
1.345520496368408203e+00
1.634975910186767578e+00
1.230729103088378906e+00
1.158403158187866211e+00
1.231818199157714844e+00
1.234606742858886719e+00
1.301457881927490234e+00
1.137543678283691406e+00
1.137127876281738281e+00
9.461306333541870117e-01
2.221761941909790039e+00
1.581121802330017090e+00
1.078120589256286621e+00
1.154852151870727539e+00
1.463629722595214844e+00
1.377911806106567383e+00
1.414565801620483398e+00
1.222058176994323730e+00
1.304602384567260742e+00
1.312101602554321289e+00
1.326111197471618652e+00
1.277920246124267578e+00
1.155233979225158691e+00
8.761264085769653320e-01
8.442906141281127930e-01
1.726339459419250488e+00
1.325262546539306641e+00
1.201475143432617188e+00
1.089918732643127441e+00
9.192150831222534180e-01
1.516465425491333008e+00
1.097940683364868164e+00
9.064594507217407227e-01
8.119232654571533203e-01
2.074224710464477539e+00
6.710190773010253906e-01
1.549710750579833984e+00
1.482881069183349609e+00
1.462413072586059570e+00
1.392122387886047363e+00
1.185247063636779785e+00
1.233168363571166992e+00
1.374891996383666992e+00
1.438123464584350586e+00
1.544027328491210938e+00
1.256951570510864258e+00
1.086130738258361816e+00
1.252827048301696777e+00
1.384833812713623047e+00
1.261577129364013672e+00
1.263343572616577148e+00
1.401442527770996094e+00
1.293114185333251953e+00
1.282393932342529297e+00
1.334571599960327148e+00
1.341290593147277832e+00
1.201112270355224609e+00
1.518447518348693848e+00
1.102248787879943848e+00
1.053874969482421875e+00
1.112268686294555664e+00
1.388567686080932617e+00
1.186571955680847168e+00
1.262465596199035645e+00
1.673158168792724609e+00
1.060554742813110352e+00
1.066283226013183594e+00
1.189194560050964355e+00
6.479513645172119141e-01
2.914912700653076172e-01
1.695575475692749023e+00
1.115209221839904785e+00
9.049995541572570801e-01
1.131869316101074219e+00
9.067183732986450195e-01
7.676898241043090820e-01
7.049034237861633301e-01
1.450767993927001953e+00
1.026811122894287109e+00
8.277726769447326660e-01
3.362902998924255371e-01
3.688614070415496826e-01
1.972414255142211914e-01
4.325892776250839233e-02
5.200036242604255676e-02
6.629110872745513916e-02
2.515819668769836426e-02
2.301414497196674347e-02
2.628560364246368408e-02
2.179760485887527466e-02
1.805449835956096649e-02
1.666398532688617706e-02
1.859970763325691223e-02
1.616379618644714355e-02
7.050675898790359497e-02
7.129159756004810333e-03
4.263643920421600342e-02
2.686697989702224731e-03
1.844328455626964569e-02
5.353778135031461716e-03
4.590969998389482498e-03
8.439241908490657806e-03
1.238167379051446915e-02
2.189865335822105408e-03
6.635832600295543671e-03
1.583768054842948914e-02
1.029828563332557678e-02
5.168016999959945679e-03
2.760071074590086937e-03
7.502126507461071014e-03
6.921003572642803192e-03
1.722550834529101849e-03
8.280114270746707916e-03
2.520364709198474884e-03
2.761494135484099388e-03
1.571979140862822533e-03
3.086359938606619835e-03
3.779104910790920258e-03
3.273665904998779297e-03
4.847645177505910397e-04
2.876918297260999680e-03
8.435726049356162548e-04
1.157241174951195717e-03
1.822547288611531258e-03
3.589453641325235367e-03
1.804400468245148659e-03
3.940608818084001541e-03
2.720726421102881432e-03
1.513839582912623882e-03
2.050994429737329483e-03
2.860590117052197456e-03
1.926312688738107681e-03
1.744748908095061779e-03
1.685152063146233559e-03
4.270513076335191727e-03
2.108918037265539169e-03
5.099198315292596817e-04
9.564909851178526878e-04
2.290519420057535172e-03
1.500349491834640503e-03
2.349096816033124924e-03
1.883387798443436623e-03
1.802511047571897507e-03
1.254403730854392052e-03
3.085762145929038525e-04
8.411101298406720161e-04
1.287335646338760853e-03
2.064413158223032951e-03
2.488881116732954979e-03
2.407934283837676048e-03
8.943427237682044506e-04
4.003936424851417542e-03
1.661547459661960602e-03
3.588230349123477936e-03
3.218297846615314484e-03
1.448145601898431778e-03
4.995013121515512466e-03
1.595593523234128952e-03
1.045876415446400642e-03
1.567143830470740795e-03
2.551457379013299942e-03
1.173922210000455379e-03
6.733710761182010174e-04
1.859646523371338844e-03
1.350928912870585918e-03
8.514205692335963249e-04
9.455140680074691772e-04
8.742223726585507393e-04
1.023132237605750561e-03
9.874099632725119591e-04
1.240363926626741886e-03
4.117201606277376413e-04
9.533502161502838135e-04
1.538491109386086464e-03
3.297309740446507931e-04
5.243923515081405640e-04
5.982454167678952217e-04
1.423915615305304527e-03
3.997688181698322296e-04
1.335277687758207321e-03
9.639203199185431004e-04
1.108072465285658836e-03
9.046557426452636719e+00
1.967122793197631836e+00
6.577863693237304688e-01
7.538082003593444824e-01
6.084690690040588379e-01
7.462543249130249023e-01
6.775227189064025879e-01
1.874708980321884155e-01
3.216183185577392578e-01
4.495620131492614746e-01
3.652322888374328613e-01
1.656944155693054199e-01
6.444239616394042969e-02
5.376954749226570129e-02
3.667991235852241516e-02
5.102057382464408875e-02
1.341486535966396332e-02
4.350923746824264526e-02
7.236923575401306152e-01
5.326506495475769043e-01
6.721943616867065430e-01
6.607549786567687988e-01
6.682181358337402344e-01
8.954013586044311523e-01
4.114404022693634033e-01
7.119616866111755371e-01
1.121092915534973145e+00
6.050817966461181641e-01
1.133472084999084473e+00
1.538231611251831055e+00
8.198063373565673828e-01
4.797125458717346191e-01
1.600671708583831787e-01
5.393032729625701904e-02
4.368852451443672180e-02
3.696083277463912964e-02
2.083026617765426636e-02
1.636967062950134277e-02
1.479347702115774155e-02
1.465905737131834030e-02
1.467890758067369461e-02
2.279940061271190643e-02
2.737211622297763824e-02
1.417781691998243332e-02
1.468434091657400131e-02
1.048671733587980270e-02
1.468215696513652802e-02
1.576066948473453522e-02
1.829968579113483429e-02
1.278251409530639648e-02
1.873252540826797485e-02
1.852645911276340485e-02
1.974790915846824646e-02
1.700180955231189728e-02
5.723170936107635498e-03
1.582812704145908356e-02
9.610746055841445923e-03
1.144466176629066467e-02
6.111630238592624664e-03
9.037066251039505005e-03
2.964411396533250809e-03
8.140275254845619202e-03
1.337751559913158417e-02
4.379381891340017319e-03
4.665867425501346588e-03
4.704014398157596588e-03
7.884466089308261871e-03
4.593344405293464661e-03
4.971782211214303970e-03
4.233668092638254166e-03
2.028537448495626450e-03
5.522913299500942230e-03
3.322726814076304436e-03
3.929310943931341171e-03
4.165370482951402664e-03
2.681112382560968399e-03
4.238113295286893845e-03
5.789234302937984467e-03
5.151375196874141693e-03
7.907455787062644958e-03
7.622278761118650436e-03
5.048014689236879349e-03
3.239018842577934265e-03
3.626803169026970863e-03
3.969449899159371853e-04
1.611032406799495220e-03
8.581899106502532959e-03
5.840184167027473450e-03
5.246418341994285583e-02
4.537652060389518738e-02
1.362037844955921173e-02
2.524217776954174042e-02
4.223876632750034332e-03
7.311515510082244873e-03
1.123459916561841965e-02
5.082393996417522430e-03
1.827037194743752480e-03
3.857330884784460068e-03
4.371120012365281582e-04
3.868542844429612160e-04
8.427412249147891998e-04
1.373458537273108959e-03
2.714949427172541618e-03
3.033175831660628319e-03
3.044203855097293854e-03
2.965718507766723633e-03
5.858941935002803802e-03
7.778220344334840775e-03
9.289214387536048889e-03
7.725118659436702728e-03
5.898182746022939682e-03
3.917208872735500336e-03
3.824671730399131775e-03
2.714177593588829041e-03
2.242807531729340553e-03
4.086767788976430893e-03
3.174055833369493484e-03
1.693045371212065220e-03
2.878308296203613281e-03
2.803439041599631310e-03
2.780548762530088425e-03
2.282567787915468216e-03
3.965388052165508270e-03
2.222388749942183495e-03
6.959156598895788193e-04
8.847316494211554527e-04
2.359195612370967865e-03
1.016525435261428356e-03
1.681205350905656815e-03
2.632816089317202568e-03
3.149373922497034073e-03
1.942894654348492622e-03
2.191773615777492523e-03
1.326306140981614590e-03
2.990786917507648468e-03
1.923800213262438774e-03
1.183143584057688713e-03
1.252497197128832340e-03
1.505297608673572540e-03
1.612464082427322865e-03
1.198941376060247421e-03
1.046366407535970211e-03
1.475683646276593208e-03
1.181125640869140625e-03
8.141063153743743896e-04
8.950867340900003910e-04
1.523618237115442753e-03
1.722535118460655212e-03
5.861265235580503941e-04
5.847862921655178070e-04
8.506793528795242310e-04
1.267326995730400085e-03
1.163600711151957512e-03
9.297404903918504715e-04
1.085877534933388233e-03
1.759896753355860710e-03
9.800967527553439140e-04
7.856347947381436825e-04
6.664705579169094563e-04
9.551920229569077492e-04
8.627863135188817978e-04
1.262660254724323750e-03
6.590100238099694252e-04
6.924911285750567913e-04
1.236408133991062641e-03
6.238282076083123684e-04
7.020398043096065521e-04
8.950886549428105354e-04
6.443493184633553028e-04
4.185261786915361881e-04
6.648472626693546772e-04
1.063119154423475266e-03
5.762776127085089684e-04
7.478059851564466953e-04
8.070064941421151161e-04
7.022749632596969604e-04
1.308977953158318996e-03
1.274269074201583862e-03
1.367643475532531738e-03
7.488592527806758881e-04
8.451835601590573788e-04
7.850584806874394417e-04
7.709997007623314857e-04
7.058168994262814522e-04
6.471781525760889053e-04
1.211336348205804825e-04
2.815350017044693232e-04
5.448869196698069572e-04
5.825757980346679688e-04
6.282074609771370888e-04
6.913669640198349953e-04
6.526867509819567204e-04
6.288347067311406136e-04
4.213693318888545036e-04
4.190859908703714609e-04
6.096088909544050694e-04
4.516370536293834448e-04
8.368686540052294731e-04
8.245955104939639568e-04
7.750957738608121872e-04
7.047745166346430779e-04
1.272576744668185711e-03
9.462171001359820366e-04
9.679847862571477890e-04
7.032832363620400429e-04
4.495522298384457827e-04
5.925710429437458515e-04
5.114396335557103157e-04
5.020656390115618706e-04
6.133418646641075611e-04
6.773155182600021362e-04
3.806028398685157299e-04
4.346306377556174994e-04
5.401737289503216743e-04
5.019398522563278675e-04
4.640921251848340034e-04
4.256281536072492599e-04
5.781970685347914696e-04
5.228496738709509373e-04
6.295164348557591438e-04
5.489221075549721718e-04
5.875686183571815491e-04
7.012038258835673332e-04
5.328214028850197792e-04
3.608453553169965744e-04
5.965804448351264000e-04
5.541477585211396217e-04
4.910855204798281193e-04
4.924981039948761463e-04
3.665141412056982517e-04
5.242003826424479485e-04
4.573954793158918619e-04
5.666860379278659821e-04
4.434014554135501385e-04
4.871282144449651241e-04
5.073969950899481773e-04
4.120789817534387112e-04
4.968626890331506729e-04
5.330761196091771126e-04
5.210248637013137341e-04
4.966677515767514706e-04
3.944450290873646736e-04
4.327772476244717836e-04
4.871094133704900742e-04
4.144267295487225056e-04
4.858126631006598473e-04
5.219453014433383942e-04
5.322993383742868900e-04
4.265512689016759396e-04
4.632633063010871410e-04
4.526586853899061680e-04
5.293306312523782253e-04
4.737028793897479773e-04
4.657953395508229733e-04
3.989798133261501789e-04
3.792425268329679966e-04
4.774004919454455376e-04
4.949959111399948597e-04
4.183695418760180473e-04
4.729044740088284016e-04
4.425565712153911591e-04
4.306526680011302233e-04
3.991018747910857201e-04
5.233139963820576668e-04
6.073349504731595516e-04
5.419705994427204132e-04
5.466280272230505943e-04
5.926700541749596596e-04
5.982854636386036873e-04
5.708157550543546677e-04
5.698691238649189472e-04
5.771886790171265602e-04
5.585803883150219917e-04
6.550985854119062424e-04
4.975135670974850655e-04
5.918983370065689087e-04
4.895374877378344536e-04
5.950434715487062931e-04
6.448265630751848221e-04
5.167906056158244610e-04
3.737735969480127096e-04
4.560248926281929016e-04
4.846863739658147097e-04
4.498307534959167242e-04
4.711867077276110649e-04
5.441633984446525574e-04
4.200132098048925400e-04
4.096962220501154661e-04
4.807625955436378717e-04
4.626596055459231138e-04
4.801104078069329262e-04
4.369761445559561253e-04
4.463357036001980305e-04
4.658968537114560604e-04
6.413383525796234608e-04
5.925381556153297424e-04
4.527368000708520412e-04
3.557231102604418993e-04
3.974693827331066132e-04
3.911093808710575104e-04
4.087029374204576015e-04
5.325518432073295116e-04
4.781119641847908497e-04
5.190595402382314205e-04
5.952239735051989555e-04
5.496180965565145016e-04
4.871926503255963326e-04
4.254489322192966938e-04
4.333003889769315720e-04
3.676718042697757483e-04
2.549060154706239700e-04
6.360493134707212448e-04
3.956682630814611912e-04
4.289547796361148357e-04
4.371678805910050869e-04
2.925826120190322399e-04
3.116119769401848316e-04
3.985334769822657108e-04
3.881189622916281223e-04
5.467541050165891647e-04
5.391582380980253220e-04
4.750852240249514580e-04
4.940311773680150509e-04
