6.144230365753173828e+00
4.061242103576660156e+00
9.728252410888671875e+00
1.501626491546630859e+00
1.189228296279907227e+00
1.228514075279235840e+00
1.190079569816589355e+00
1.060862541198730469e+00
1.284357309341430664e+00
1.442739009857177734e+00
1.076712012290954590e+00
1.356406688690185547e+00
9.762138724327087402e-01
1.295061111450195312e+00
1.094339489936828613e+00
1.231950044631958008e+00
1.492708206176757812e+00
1.108353853225708008e+00
9.745784997940063477e-01
1.696798443794250488e+00
1.162353515625000000e+00
8.963358998298645020e-01
1.553513050079345703e+00
1.252473711967468262e+00
8.949569463729858398e-01
9.296849966049194336e-01
1.060937881469726562e+00
5.063132047653198242e-01
1.606889843940734863e+00
1.463660001754760742e+00
1.343352079391479492e+00
1.088996887207031250e+00
8.913757801055908203e-01
1.920861482620239258e+00
1.258434295654296875e+00
1.071158647537231445e+00
1.121854543685913086e+00
1.433221101760864258e+00
1.138290166854858398e+00
1.022994875907897949e+00
8.878489732742309570e-01
1.182553887367248535e+00
1.425249695777893066e+00
1.292868137359619141e+00
1.306945085525512695e+00
1.240035414695739746e+00
1.062088370323181152e+00
1.228898286819458008e+00
1.032294988632202148e+00
1.613327860832214355e+00
1.016873836517333984e+00
6.045383214950561523e-01
1.270486712455749512e+00
9.728058576583862305e-01
8.573808073997497559e-01
3.081152439117431641e-01
1.519748687744140625e+00
1.182933092117309570e+00
1.234107136726379395e+00
1.182408809661865234e+00
8.370592594146728516e-01
1.389025926589965820e+00
5.739113092422485352e-01
6.564192473888397217e-02
9.841451793909072876e-02
3.822868317365646362e-02
5.925987660884857178e-02
6.067707762122154236e-02
2.701073512434959412e-02
6.070219725370407104e-02
2.199504151940345764e-02
2.182887308299541473e-02
7.913693040609359741e-02
3.802480921149253845e-02
2.246825024485588074e-02
2.861039713025093079e-03
2.472358755767345428e-02
1.436559855937957764e-02
2.334122359752655029e-02
2.567898482084274292e-02
7.678469657897949219e+00
1.544136881828308105e+00
8.488432168960571289e-01
1.054646134376525879e+00
1.139883756637573242e+00
1.344978332519531250e+00
1.066422104835510254e+00
1.059471130371093750e+00
1.191304445266723633e+00
1.579098701477050781e+00
1.092369556427001953e+00
1.422407627105712891e+00
1.225382208824157715e+00
1.356422305107116699e+00
1.475048184394836426e+00
1.380964279174804688e+00
1.344900846481323242e+00
1.520315885543823242e+00
1.438411474227905273e+00
1.455573558807373047e+00
1.583730220794677734e+00
1.435665845870971680e+00
1.388265371322631836e+00
1.363904118537902832e+00
1.430428624153137207e+00
1.304909467697143555e+00
1.356552243232727051e+00
1.502287507057189941e+00
1.354086995124816895e+00
1.253263235092163086e+00
1.405792951583862305e+00
1.317130327224731445e+00
1.260115146636962891e+00
1.154168725013732910e+00
1.472913980484008789e+00
1.425281286239624023e+00
1.116847634315490723e+00
1.252510428428649902e+00
1.297400951385498047e+00
1.237965941429138184e+00
1.192880868911743164e+00
1.288499593734741211e+00
1.153244376182556152e+00
9.278929233551025391e-01
2.195179462432861328e+00
6.963398456573486328e-01
1.062181472778320312e+00
1.427565336227416992e+00
1.206410408020019531e+00
1.168570995330810547e+00
1.105818748474121094e+00
1.317955970764160156e+00
1.134958267211914062e+00
1.010388016700744629e+00
1.055377244949340820e+00
1.426140785217285156e+00
1.037694573402404785e+00
1.017539978027343750e+00
1.208911299705505371e+00
1.366724848747253418e+00
1.580746054649353027e+00
1.315049886703491211e+00
9.219196438789367676e-01
9.312900304794311523e-01
1.000053405761718750e+00
3.595212697982788086e-01
1.460912674665451050e-01
6.911999732255935669e-02
5.950338393449783325e-02
4.320484399795532227e-02
2.910420298576354980e-02
2.545178495347499847e-02
2.802899666130542755e-02
2.599148452281951904e-02
2.034133858978748322e-02
1.564817875623703003e-02
1.454511098563671112e-02
5.042532458901405334e-03
1.398877333849668503e-02
6.966815330088138580e-03
5.770513787865638733e-03
6.851845420897006989e-03
1.481163548305630684e-03
3.369800979271531105e-03
5.646409466862678528e-03
4.499637521803379059e-03
6.438016425818204880e-03
5.380776710808277130e-03
6.111171096563339233e-03
5.123003385961055756e-03
4.070658702403306961e-03
4.379641264677047729e-03
4.771423991769552231e-03
6.901444867253303528e-03
3.796390723437070847e-03
4.074674565345048904e-03
5.163426976650953293e-03
3.395727602764964104e-03
2.934738295152783394e-03
2.669185632839798927e-03
1.115857390686869621e-03
1.736165257170796394e-03
1.216905773617327213e-03
1.172038028016686440e-03
2.040748018771409988e-03
1.720516709610819817e-03
2.378478646278381348e-03
3.340439870953559875e-03
2.866759430617094040e-03
2.027322538197040558e-03
9.770117467269301414e-04
2.669617766514420509e-03
1.046717865392565727e-03
3.649148857221007347e-03
2.237887121737003326e-03
1.979395281523466110e-03
4.388547968119382858e-03
1.156339421868324280e-03
3.523904830217361450e-03
1.680633053183555603e-03
9.615466929972171783e-03
1.459357328712940216e-02
6.043390274047851562e+00
1.713457942008972168e+00
4.244589328765869141e+00
2.754615068435668945e+00
2.089391946792602539e+00
2.124254703521728516e+00
1.430268883705139160e+00
1.364869117736816406e+00
1.068579554557800293e+00
9.961732625961303711e-01
1.021618247032165527e+00
8.270745873451232910e-01
9.173313379287719727e-01
9.575356245040893555e-01
1.079270601272583008e+00
1.153045892715454102e+00
1.180172443389892578e+00
1.423688888549804688e+00
1.418189048767089844e+00
1.218296408653259277e+00
1.504539608955383301e+00
1.440988540649414062e+00
1.304220438003540039e+00
1.322975397109985352e+00
1.264331698417663574e+00
1.386345267295837402e+00
1.256061553955078125e+00
1.279989361763000488e+00
1.033938407897949219e+00
1.393260836601257324e+00
1.236221075057983398e+00
1.349435567855834961e+00
1.243910789489746094e+00
1.163928866386413574e+00
1.273756504058837891e+00
1.293776988983154297e+00
1.058893799781799316e+00
9.906762838363647461e-01
1.294594526290893555e+00
1.530524969100952148e+00
9.799727797508239746e-01
1.107054471969604492e+00
1.287098169326782227e+00
1.243907690048217773e+00
1.123200893402099609e+00
1.085837602615356445e+00
1.300139546394348145e+00
1.064366102218627930e+00
9.621968865394592285e-01
1.213940620422363281e+00
9.543349742889404297e-01
1.224904537200927734e+00
1.229195713996887207e+00
1.086476564407348633e+00
1.175297856330871582e+00
9.261271953582763672e-01
1.298975467681884766e+00
8.658227920532226562e-01
1.039546608924865723e+00
8.889256715774536133e-01
1.255147099494934082e+00
1.127323031425476074e+00
1.226711153984069824e+00
8.802486658096313477e-01
1.022848844528198242e+00
1.304609775543212891e+00
9.898930191993713379e-01
1.239563345909118652e+00
8.367151021957397461e-01
9.768524169921875000e-01
1.008696198463439941e+00
8.554733991622924805e-01
1.106093168258666992e+00
9.660307168960571289e-01
1.243090033531188965e+00
8.472888469696044922e-01
1.177411794662475586e+00
7.858238220214843750e-01
1.366601109504699707e+00
1.078069925308227539e+00
1.257340908050537109e+00
1.167831778526306152e+00
9.726621508598327637e-01
8.930755257606506348e-01
1.212739229202270508e+00
9.300944805145263672e-01
9.637819528579711914e-01
7.434478998184204102e-01
7.455849647521972656e-01
1.684372782707214355e+00
1.144220590591430664e+00
9.725681543350219727e-01
8.301148414611816406e-01
9.648679494857788086e-01
9.218070507049560547e-01
8.216281533241271973e-01
1.013164401054382324e+00
8.198783993721008301e-01
8.834353089332580566e-01
7.647974491119384766e-01
1.095183849334716797e+00
1.059489011764526367e+00
1.142464637756347656e+00
7.356216907501220703e-01
7.740916013717651367e-01
8.145927786827087402e-01
9.013174772262573242e-01
1.025849819183349609e+00
8.865997791290283203e-01
8.255370855331420898e-01
8.494963645935058594e-01
1.062091469764709473e+00
8.332977890968322754e-01
7.577514648437500000e-01
8.107919096946716309e-01
8.543919324874877930e-01
8.316290378570556641e-01
6.772648096084594727e-01
2.385953903198242188e+00
1.270431041717529297e+00
1.074553370475769043e+00
8.875013589859008789e-01
8.244152069091796875e-01
6.657381057739257812e-01
9.755321741104125977e-01
9.208090305328369141e-01
5.881665945053100586e-01
5.410043001174926758e-01
7.363146543502807617e-01
5.959686040878295898e-01
9.351283907890319824e-01
1.667104721069335938e+00
1.011493325233459473e+00
7.933521270751953125e-01
7.051617503166198730e-01
1.047359585762023926e+00
6.879678964614868164e-01
6.017404198646545410e-01
7.295902967453002930e-01
5.099304318428039551e-01
1.057280659675598145e+00
9.768697023391723633e-01
6.800823807716369629e-01
5.834813117980957031e-01
5.962193012237548828e-01
4.096488654613494873e-01
4.237733185291290283e-01
1.201397895812988281e+00
8.193838000297546387e-01
5.844117403030395508e-01
5.318503975868225098e-01
1.035100221633911133e+00
5.686987042427062988e-01
3.596993684768676758e-01
4.696759581565856934e-01
5.138009190559387207e-01
5.953266620635986328e-01
2.526606917381286621e-01
1.262999415397644043e+00
7.201232910156250000e-01
5.695838332176208496e-01
6.341361999511718750e-01
3.455287814140319824e-01
3.968965113162994385e-01
3.933151960372924805e-01
1.737688928842544556e-01
1.222078502178192139e-01
1.067544966936111450e-01
9.731449931859970093e-02
1.015027016401290894e-01
2.259126901626586914e-01
5.229614377021789551e-01
3.346616268157958984e+00
5.773113965988159180e-01
2.851403057575225830e-01
2.570240795612335205e-01
2.364998757839202881e-01
5.867148637771606445e-01
1.279145002365112305e+00
3.752737343311309814e-01
2.047235369682312012e-01
1.522866189479827881e-01
1.405474543571472168e-01
1.205978691577911377e-01
1.517315655946731567e-01
1.086989343166351318e-01
6.484973430633544922e-02
5.017348378896713257e-02
3.578336164355278015e-02
3.068853542208671570e-02
2.646985836327075958e-02
2.162297442555427551e-02
1.722471229732036591e-02
1.556748244911432266e-02
1.186778396368026733e-02
1.451467070728540421e-02
9.274560958147048950e-03
9.397193789482116699e-03
