6.086795806884765625e+00
2.589208602905273438e+00
1.391968011856079102e+00
9.187542200088500977e-01
9.246634840965270996e-01
1.598895668983459473e+00
1.170138120651245117e+00
1.189539909362792969e+00
1.303763031959533691e+00
1.745881915092468262e+00
1.225968122482299805e+00
1.090116977691650391e+00
1.051762819290161133e+00
1.385249137878417969e+00
1.296340107917785645e+00
8.193666934967041016e-01
2.167524814605712891e+00
1.454862952232360840e+00
1.477648735046386719e+00
1.308105468750000000e+00
1.229393362998962402e+00
9.853821992874145508e-01
7.841835021972656250e-01
1.470144748687744141e+00
1.304899215698242188e+00
1.458796024322509766e+00
1.365141868591308594e+00
1.230990648269653320e+00
1.287602305412292480e+00
1.373023748397827148e+00
4.902523458003997803e-01
1.833416968584060669e-01
7.826802730560302734e-01
1.573430538177490234e+00
1.439025878906250000e+00
1.317231178283691406e+00
1.117448687553405762e+00
1.384322166442871094e+00
1.305469512939453125e+00
1.459705114364624023e+00
1.478254556655883789e+00
1.539768695831298828e+00
1.377735137939453125e+00
1.429145336151123047e+00
1.080063939094543457e+00
1.458480358123779297e+00
1.764050602912902832e+00
1.535349726676940918e+00
1.142778873443603516e+00
1.140606880187988281e+00
4.893063604831695557e-01
1.343528509140014648e+00
1.609247684478759766e+00
1.342800498008728027e+00
1.503267765045166016e+00
1.309193372726440430e+00
1.479539871215820312e+00
1.542311191558837891e+00
1.449417352676391602e+00
1.414916276931762695e+00
1.735712647438049316e+00
1.411195755004882812e+00
1.514396429061889648e+00
1.381497859954833984e+00
1.290276169776916504e+00
1.292303323745727539e+00
1.438154220581054688e+00
1.307298898696899414e+00
1.266836643218994141e+00
1.222322940826416016e+00
1.362557053565979004e+00
1.265375733375549316e+00
1.502088904380798340e+00
1.258585572242736816e+00
1.471144080162048340e+00
1.172240614891052246e+00
1.269085884094238281e+00
1.416709780693054199e+00
1.256544232368469238e+00
1.466787934303283691e+00
1.479951500892639160e+00
1.223010778427124023e+00
1.390044450759887695e+00
1.398796200752258301e+00
1.336502432823181152e+00
1.069928765296936035e+00
1.277084112167358398e+00
1.165553092956542969e+00
1.405038237571716309e+00
1.433140873908996582e+00
1.218509316444396973e+00
1.149958848953247070e+00
1.382541775703430176e+00
1.012787103652954102e+00
1.329431533813476562e+00
1.427462458610534668e+00
1.132289171218872070e+00
1.025087594985961914e+00
1.452332139015197754e+00
1.480737805366516113e+00
1.520270347595214844e+00
1.484755873680114746e+00
1.415578603744506836e+00
1.114866614341735840e+00
4.086953401565551758e-01
1.165042966604232788e-01
2.707358449697494507e-02
1.279053449630737305e+00
1.246339082717895508e+00
1.321196556091308594e+00
1.236063718795776367e+00
1.327163457870483398e+00
1.188793540000915527e+00
1.311512947082519531e+00
1.315104842185974121e+00
1.148630380630493164e+00
1.456524372100830078e+00
1.420629978179931641e+00
1.238522291183471680e+00
1.384641051292419434e+00
1.165938615798950195e+00
1.072703242301940918e+00
1.152982831001281738e+00
1.536126494407653809e+00
1.237290620803833008e+00
1.217491626739501953e+00
1.104238629341125488e+00
1.356726050376892090e+00
1.027953267097473145e+00
1.554512619972229004e+00
1.292910099029541016e+00
1.418824195861816406e+00
1.171626806259155273e+00
1.185951352119445801e+00
1.385029077529907227e+00
1.377947568893432617e+00
1.261687755584716797e+00
1.265988945960998535e+00
1.389549612998962402e+00
1.436553955078125000e+00
1.344158530235290527e+00
1.314108133316040039e+00
1.419803619384765625e+00
1.276340723037719727e+00
1.347178459167480469e+00
1.292411446571350098e+00
1.171044945716857910e+00
1.518801093101501465e+00
1.167580842971801758e+00
1.308179616928100586e+00
1.039836764335632324e+00
1.175649523735046387e+00
1.109001159667968750e+00
1.452246546745300293e+00
1.379079341888427734e+00
1.452200651168823242e+00
1.471214175224304199e+00
1.432182550430297852e+00
1.359000682830810547e+00
1.225426316261291504e+00
1.445887446403503418e+00
1.335652828216552734e+00
1.453773140907287598e+00
1.333367586135864258e+00
1.233882904052734375e+00
1.417169928550720215e+00
1.346300244331359863e+00
1.377643465995788574e+00
1.394942283630371094e+00
1.330067634582519531e+00
1.528528332710266113e+00
1.211257219314575195e+00
1.280090689659118652e+00
8.923444747924804688e-01
1.501068353652954102e+00
1.119133949279785156e+00
1.372567892074584961e+00
1.102307438850402832e+00
1.201781392097473145e+00
1.075359225273132324e+00
1.236857533454895020e+00
1.250180721282958984e+00
1.246362090110778809e+00
7.343713641166687012e-01
1.103656768798828125e+00
1.116508960723876953e+00
1.332742691040039062e+00
1.454337239265441895e+00
1.210198879241943359e+00
1.104546189308166504e+00
1.386508107185363770e+00
9.962502717971801758e-01
1.187038302421569824e+00
1.037245154380798340e+00
1.089247465133666992e+00
1.065784931182861328e+00
1.312822341918945312e+00
1.563396215438842773e+00
1.501930594444274902e+00
1.430166006088256836e+00
1.471130132675170898e+00
1.413893103599548340e+00
1.370694160461425781e+00
1.383544683456420898e+00
1.280223965644836426e+00
1.158373117446899414e+00
1.262771010398864746e+00
1.422337651252746582e+00
1.277442932128906250e+00
1.284387469291687012e+00
1.182845354080200195e+00
1.316551923751831055e+00
1.327767133712768555e+00
9.626040458679199219e-01
7.436792254447937012e-01
1.358715653419494629e+00
1.222163319587707520e+00
1.161208987236022949e+00
1.163592934608459473e+00
1.245785951614379883e+00
7.677890658378601074e-01
1.490462779998779297e+00
1.342084884643554688e+00
1.202709197998046875e+00
1.298860073089599609e+00
1.359490275382995605e+00
1.091849088668823242e+00
1.012510061264038086e+00
9.186558127403259277e-01
1.014201998710632324e+00
6.708849668502807617e-01
1.517753481864929199e+00
1.328734636306762695e+00
1.164826631546020508e+00
1.230447769165039062e+00
9.467873573303222656e-01
1.059309124946594238e+00
1.048063039779663086e+00
1.187924385070800781e+00
1.046463966369628906e+00
5.713608860969543457e-01
1.434583663940429688e+00
1.131247997283935547e+00
1.234754800796508789e+00
1.268470644950866699e+00
1.002733945846557617e+00
1.088699579238891602e+00
6.734004020690917969e-01
1.003877043724060059e+00
1.099537372589111328e+00
9.548426866531372070e-01
9.412363171577453613e-01
1.149337053298950195e+00
1.031220555305480957e+00
9.115571975708007812e-01
8.098099827766418457e-01
7.335303425788879395e-01
1.089514136314392090e+00
7.616911530494689941e-01
6.343195438385009766e-01
1.118408322334289551e+00
1.000918507575988770e+00
8.073875904083251953e-01
8.200619220733642578e-01
1.110224127769470215e+00
1.116929769515991211e+00
1.122984290122985840e+00
8.881269693374633789e-01
7.118630409240722656e-01
4.834297001361846924e-01
2.317578792572021484e-01
1.159625411033630371e+00
7.342246770858764648e-01
6.381934881210327148e-01
7.898527383804321289e-01
1.352261424064636230e+00
1.138689041137695312e+00
1.227774620056152344e+00
9.988439083099365234e-01
9.290305376052856445e-01
6.697874665260314941e-01
2.481116056442260742e-01
1.379320621490478516e-01
7.403363287448883057e-02
4.253642633557319641e-02
2.749340794980525970e-02
3.385949134826660156e-02
5.722045153379440308e-02
4.417194798588752747e-02
2.104691416025161743e-02
1.862713135778903961e-02
3.344439342617988586e-02
2.304969914257526398e-02
1.155553013086318970e-02
9.115504100918769836e-03
3.511508926749229431e-02
1.177615020424127579e-02
1.490209065377712250e-02
9.537226520478725433e-03
5.407252348959445953e-03
3.588270628824830055e-03
7.890924811363220215e-03
4.259365610778331757e-03
4.039314575493335724e-03
3.925878088921308517e-03
2.834060430526733398e+00
2.784284353256225586e-01
2.318908870220184326e-01
7.899274230003356934e-01
1.210223793983459473e+00
8.214526176452636719e-01
7.372899055480957031e-01
5.716425776481628418e-01
8.285632133483886719e-01
6.124784946441650391e-01
5.630904436111450195e-01
6.216479539871215820e-01
4.427237510681152344e-01
7.933167815208435059e-01
4.889280796051025391e-01
1.153444290161132812e+00
5.170121192932128906e-01
3.424777090549468994e-01
2.437337785959243774e-01
4.412372410297393799e-01
2.992490530014038086e-01
4.123829901218414307e-01
2.560001015663146973e-01
3.453188538551330566e-01
1.216954365372657776e-01
1.680455356836318970e-01
5.244655013084411621e-01
7.974681854248046875e-01
6.642020940780639648e-01
3.056902289390563965e-01
5.087579488754272461e-01
2.170633226633071899e-01
3.256840109825134277e-01
1.224310249090194702e-01
8.105131238698959351e-02
5.326688662171363831e-02
3.191878646612167358e-02
8.193728327751159668e-02
1.111474752426147461e+00
2.550300359725952148e-01
2.517224550247192383e-01
9.956895112991333008e-01
2.931474447250366211e-01
2.115789651870727539e-01
1.135314851999282837e-01
1.313061565160751343e-01
1.742712110280990601e-01
2.008363455533981323e-01
5.195085331797599792e-02
5.096463114023208618e-02
1.542008668184280396e-02
1.110342144966125488e-02
1.533380895853042603e-02
7.689659018069505692e-03
7.119704037904739380e-03
8.594703860580921173e-03
6.083225831389427185e-03
5.718635395169258118e-03
4.810014739632606506e-03
4.203130025416612625e-03
2.789281774312257767e-03
2.306398004293441772e-03
3.108613658696413040e-03
2.922241576015949249e-03
2.735621295869350433e-03
2.582222456112504005e-03
2.151872264221310616e-03
2.737752394750714302e-03
3.066675504669547081e-03
2.333741402253508568e-03
2.148560946807265282e-03
1.611914718523621559e-03
1.781832310371100903e-03
1.360225491225719452e-03
1.762234373018145561e-03
1.668794080615043640e-03
1.356834196485579014e-03
1.411153818480670452e-03
7.951983716338872910e-04
1.233104034326970577e-03
1.265855156816542149e-03
6.704144179821014404e-04
9.763505076989531517e-04
1.057325862348079681e-03
6.299069500528275967e-04
5.442771944217383862e-04
5.769002018496394157e-04
6.081665633246302605e-04
3.620813367888331413e-04
2.595550031401216984e-04
3.057485737372189760e-04
3.452023083809763193e-04
2.758173504844307899e-04
2.481652772985398769e-04
3.614017914514988661e-04
1.683725568000227213e-04
2.341359213460236788e-04
2.541290596127510071e-04
2.128139312844723463e-04
1.262207806576043367e-04
1.486650289734825492e-04
1.459751802030950785e-04
3.344274882692843676e-04
1.027064063237048686e-04
1.818534219637513161e-04
1.224098377861082554e-04
1.846718660090118647e-04
1.846475352067500353e-04
1.639883848838508129e-04
2.150960499420762062e-04
2.441368560539558530e-04
2.491914201527833939e-04
4.431169945746660233e-04
5.425089620985090733e-04
8.632667595520615578e-04
5.386045668274164200e-04
1.050769700668752193e-03
1.438710256479680538e-03
1.154100638814270496e-03
1.224898733198642731e-03
1.159328967332839966e-03
1.006712554953992367e-03
1.131269615143537521e-03
1.399117638356983662e-03
2.135958988219499588e-03
2.163096796721220016e-03
1.538602518849074841e-03
1.519798533990979195e-03
1.819094526581466198e-03
2.315879566594958305e-03
3.117082407698035240e-03
2.398541662842035294e-03
2.420223783701658249e-03
2.698532305657863617e-03
2.930985996499657631e-03
2.098569646477699280e-03
2.813085680827498436e-03
1.954214880242943764e-03
2.794261090457439423e-03
2.341959858313202858e-03
1.704350695945322514e-03
2.342616906389594078e-03
1.674374798312783241e-03
1.978746149688959122e-03
2.081955317407846451e-03
5.592985078692436218e-03
2.472475869581103325e-03
2.861116081476211548e-03
2.947032218798995018e-03
1.552944886498153210e-03
3.343872725963592529e-03
5.868924781680107117e-03
2.462126970291137695e+00
3.510558009147644043e-01
5.207620859146118164e-01
8.240306377410888672e-01
7.221997976303100586e-01
3.161992728710174561e-01
7.278612852096557617e-01
6.836014986038208008e-01
7.022897005081176758e-01
5.193684697151184082e-01
4.774506390094757080e-01
1.198103666305541992e+00
1.285048127174377441e+00
7.967160344123840332e-01
8.077984452247619629e-01
6.558358669281005859e-01
6.086235046386718750e-01
8.744267821311950684e-01
7.413849830627441406e-01
4.135953187942504883e-01
3.926786184310913086e-01
8.179436326026916504e-01
5.251922011375427246e-01
8.154518604278564453e-01
6.083152890205383301e-01
7.510696053504943848e-01
5.241238474845886230e-01
5.199860334396362305e-01
9.212405681610107422e-01
4.173621237277984619e-01
4.804530739784240723e-01
9.257766604423522949e-01
6.012823581695556641e-01
6.824847459793090820e-01
4.511406123638153076e-01
3.504439890384674072e-01
1.106407284736633301e+00
1.322113394737243652e+00
4.222731292247772217e-01
4.444164037704467773e-01
8.133090734481811523e-01
5.498960614204406738e-01
6.479119062423706055e-01
9.690138101577758789e-01
5.416088700294494629e-01
6.327872276306152344e-01
6.646562218666076660e-01
6.460530757904052734e-01
7.208276987075805664e-01
7.088713645935058594e-01
6.845670342445373535e-01
6.065945625305175781e-01
5.051069855690002441e-01
6.628065109252929688e-01
4.922552108764648438e-01
8.480396866798400879e-01
5.147292613983154297e-01
8.738178014755249023e-01
1.434506416320800781e+00
1.420550107955932617e+00
1.055180072784423828e+00
8.983705639839172363e-01
8.229525089263916016e-01
7.924478054046630859e-01
6.695572137832641602e-01
5.821506977081298828e-01
3.350338041782379150e-01
5.259019136428833008e-01
5.517833828926086426e-01
3.611618578433990479e-01
8.873783349990844727e-01
6.121684908866882324e-01
8.925532698631286621e-01
1.028601646423339844e+00
1.018547654151916504e+00
8.558736443519592285e-01
1.350328922271728516e+00
9.766930341720581055e-01
8.646281361579895020e-01
4.807785153388977051e-01
7.918553948402404785e-01
4.645753502845764160e-01
2.991198003292083740e-01
1.933653056621551514e-01
1.137115478515625000e+00
6.975134611129760742e-01
1.161907911300659180e+00
7.039949893951416016e-01
7.837954163551330566e-01
3.936055004596710205e-01
3.971938192844390869e-01
8.672447800636291504e-01
9.449083805084228516e-01
7.732958197593688965e-01
6.039130687713623047e-01
4.736832976341247559e-01
1.221019402146339417e-01
8.165907859802246094e-02
6.229752674698829651e-02
6.126461550593376160e-02
3.340739011764526367e-02
4.167423769831657410e-02
5.002088099718093872e-02
3.385785222053527832e-02
2.416849322617053986e-02
2.694150619208812714e-02
8.431488871574401855e-01
8.501384854316711426e-01
1.091329097747802734e+00
1.022250056266784668e+00
5.008242130279541016e-01
6.123253107070922852e-01
6.056596040725708008e-01
9.663624763488769531e-01
7.329457402229309082e-01
5.394874215126037598e-01
8.511883020401000977e-01
1.103633761405944824e+00
7.763534188270568848e-01
7.254593372344970703e-01
1.029592752456665039e+00
4.345395565032958984e-01
5.349432826042175293e-01
5.959182977676391602e-01
3.348149061203002930e-01
5.537605881690979004e-01
2.996227145195007324e-01
4.727074503898620605e-01
1.152761697769165039e+00
7.435209751129150391e-01
4.853583574295043945e-01
1.007217168807983398e+00
1.003236413002014160e+00
8.637833595275878906e-01
4.667536318302154541e-01
4.747569561004638672e-01
1.107127189636230469e+00
6.989157199859619141e-01
4.802575707435607910e-01
7.916412949562072754e-01
4.015626907348632812e-01
5.333840847015380859e-01
3.282574117183685303e-01
