6.143088340759277344e+00
4.490816116333007812e+00
5.730346679687500000e+00
1.722199678421020508e+00
1.374051928520202637e+00
9.880671501159667969e-01
9.408335089683532715e-01
9.941871166229248047e-01
1.391131639480590820e+00
9.590326547622680664e-01
1.428914785385131836e+00
1.073859214782714844e+00
1.076623320579528809e+00
1.158802986145019531e+00
9.062074422836303711e-01
1.176019906997680664e+00
2.042418956756591797e+00
1.384059906005859375e+00
1.037523508071899414e+00
6.981179714202880859e-01
2.594411671161651611e-01
2.191836386919021606e-01
2.293131351470947266e+00
1.522052764892578125e+00
1.531763195991516113e+00
1.419471859931945801e+00
1.370759963989257812e+00
1.207905411720275879e+00
1.222467780113220215e+00
1.433151006698608398e+00
1.261948227882385254e+00
1.091341018676757812e+00
1.034196615219116211e+00
1.187086224555969238e+00
6.774873733520507812e-01
2.383988380432128906e+00
1.324599385261535645e+00
1.305587530136108398e+00
1.251958131790161133e+00
1.256428718566894531e+00
1.480442643165588379e+00
1.342847824096679688e+00
1.288304209709167480e+00
1.285367488861083984e+00
1.259547114372253418e+00
1.154825448989868164e+00
1.320339202880859375e+00
1.213029384613037109e+00
1.217099070549011230e+00
1.281751871109008789e+00
1.131136298179626465e+00
9.309608936309814453e-01
1.084362864494323730e+00
1.062441945075988770e+00
1.254182577133178711e+00
1.153574347496032715e+00
1.783253669738769531e+00
1.084815979003906250e+00
1.133142590522766113e+00
8.832383155822753906e-01
1.137446522712707520e+00
1.020902276039123535e+00
1.331944465637207031e+00
9.670829176902770996e-01
8.266395330429077148e-01
2.122587203979492188e+00
1.390927314758300781e+00
1.051559567451477051e+00
9.749607443809509277e-01
1.176615357398986816e+00
1.128731489181518555e+00
9.419771432876586914e-01
5.071583986282348633e-01
2.420899271965026855e-01
1.574385643005371094e+00
1.406220912933349609e+00
1.484279155731201172e+00
1.373809099197387695e+00
1.360546112060546875e+00
1.417135000228881836e+00
1.408419132232666016e+00
1.373424410820007324e+00
1.408779740333557129e+00
1.635551333427429199e+00
1.334354996681213379e+00
1.386106967926025391e+00
1.325214028358459473e+00
1.340205788612365723e+00
1.373568534851074219e+00
1.395561695098876953e+00
1.667309522628784180e+00
1.405675649642944336e+00
1.419313192367553711e+00
1.532308697700500488e+00
1.401024937629699707e+00
1.206535816192626953e+00
1.233182668685913086e+00
1.783633232116699219e+00
1.359509468078613281e+00
1.220591425895690918e+00
1.482803821563720703e+00
1.227495670318603516e+00
1.147282004356384277e+00
8.611074686050415039e-01
1.525161027908325195e+00
1.337511420249938965e+00
1.174507141113281250e+00
8.819153308868408203e-01
1.455667734146118164e+00
1.362974047660827637e+00
1.412768602371215820e+00
1.182356357574462891e+00
9.960669279098510742e-01
8.367211818695068359e-01
1.556087255477905273e+00
8.417926430702209473e-01
7.509403228759765625e-01
1.457536816596984863e+00
1.118603706359863281e+00
1.397565960884094238e+00
1.248145103454589844e+00
1.122052311897277832e+00
9.239704012870788574e-01
5.463702678680419922e-01
2.446786880493164062e+00
1.167244195938110352e+00
1.257736206054687500e+00
1.092814207077026367e+00
1.149893999099731445e+00
1.192737340927124023e+00
9.783895611763000488e-01
1.507591128349304199e+00
1.108530282974243164e+00
7.996703386306762695e-01
1.317549824714660645e+00
1.449860334396362305e+00
1.274298667907714844e+00
1.303218483924865723e+00
1.280279159545898438e+00
1.248554229736328125e+00
1.300997376441955566e+00
1.265785217285156250e+00
1.326471090316772461e+00
1.225574612617492676e+00
1.051919817924499512e+00
1.387727975845336914e+00
1.038560628890991211e+00
1.514039039611816406e+00
1.277498722076416016e+00
1.010943174362182617e+00
8.091631531715393066e-01
1.359254479408264160e+00
7.394279241561889648e-01
3.941546678543090820e-01
2.582434177398681641e+00
1.012631773948669434e+00
1.020060062408447266e+00
1.201762080192565918e+00
1.259186625480651855e+00
1.370975613594055176e+00
1.201872110366821289e+00
1.331603288650512695e+00
1.329238295555114746e+00
1.280367016792297363e+00
1.177647709846496582e+00
1.367801666259765625e+00
1.331447124481201172e+00
1.350559949874877930e+00
1.361377477645874023e+00
1.469562053680419922e+00
1.298989653587341309e+00
1.320611476898193359e+00
1.290414929389953613e+00
1.263233423233032227e+00
1.328900694847106934e+00
1.354698181152343750e+00
1.226598262786865234e+00
1.325092554092407227e+00
1.041882634162902832e+00
1.400439262390136719e+00
1.009695410728454590e+00
1.218941926956176758e+00
1.358722567558288574e+00
1.056498765945434570e+00
1.044645547866821289e+00
1.619555115699768066e+00
1.117455959320068359e+00
9.217024445533752441e-01
5.691846013069152832e-01
1.868548631668090820e+00
1.168235898017883301e+00
1.045554518699645996e+00
1.216214418411254883e+00
1.164947628974914551e+00
1.225592851638793945e+00
1.106622338294982910e+00
8.965191841125488281e-01
1.396377086639404297e+00
1.004740238189697266e+00
1.046385884284973145e+00
9.558660984039306641e-01
1.443377137184143066e+00
9.729700684547424316e-01
9.649497270584106445e-01
1.269373178482055664e+00
1.006152629852294922e+00
2.564921855926513672e+00
1.391454458236694336e+00
1.266245365142822266e+00
1.188127756118774414e+00
1.301278829574584961e+00
1.208068609237670898e+00
1.187553405761718750e+00
1.265546679496765137e+00
1.289079070091247559e+00
1.295082449913024902e+00
1.094342589378356934e+00
1.182040333747863770e+00
1.037274122238159180e+00
1.125284194946289062e+00
1.301483869552612305e+00
1.252361655235290527e+00
1.012972593307495117e+00
1.569160223007202148e+00
1.340980410575866699e+00
1.174179553985595703e+00
1.051546216011047363e+00
9.575922489166259766e-01
8.642300963401794434e-01
1.476583957672119141e+00
1.009640932083129883e+00
7.408138513565063477e-01
9.193952679634094238e-01
1.041095614433288574e+00
3.736066520214080811e-01
3.547955155372619629e-01
3.481532573699951172e+00
1.008587956428527832e+00
1.037567019462585449e+00
1.062177300453186035e+00
1.164327144622802734e+00
1.204293251037597656e+00
1.222563266754150391e+00
1.108964920043945312e+00
1.188793182373046875e+00
1.186201095581054688e+00
1.115773439407348633e+00
1.279672026634216309e+00
1.106812715530395508e+00
1.148750543594360352e+00
1.140985488891601562e+00
1.061647415161132812e+00
1.089798212051391602e+00
1.209134578704833984e+00
1.104385852813720703e+00
1.015849590301513672e+00
1.027893543243408203e+00
1.521065235137939453e+00
1.052027940750122070e+00
8.039599657058715820e-01
1.091244101524353027e+00
1.318728446960449219e+00
7.546564936637878418e-01
8.720557689666748047e-01
1.300567150115966797e+00
4.631530046463012695e-01
1.220074534416198730e+00
5.041724443435668945e-01
5.539323091506958008e-01
2.025172710418701172e+00
9.017216563224792480e-01
9.322230815887451172e-01
9.729088544845581055e-01
1.141825079917907715e+00
1.108439683914184570e+00
6.234263181686401367e-01
7.938618659973144531e-01
3.178293466567993164e+00
1.475129008293151855e+00
1.368519544601440430e+00
1.457514882087707520e+00
1.410511493682861328e+00
1.367666006088256836e+00
1.331877470016479492e+00
1.285703182220458984e+00
1.246965646743774414e+00
1.286495685577392578e+00
1.233654737472534180e+00
1.368248224258422852e+00
1.297921657562255859e+00
1.336428165435791016e+00
1.319901227951049805e+00
1.264752984046936035e+00
1.258535027503967285e+00
1.241695165634155273e+00
1.228126168251037598e+00
1.182830810546875000e+00
1.176118016242980957e+00
1.311557292938232422e+00
1.273473858833312988e+00
1.191240549087524414e+00
1.204089879989624023e+00
1.300146222114562988e+00
1.143399477005004883e+00
1.195902824401855469e+00
1.085804462432861328e+00
1.076894998550415039e+00
1.313940048217773438e+00
1.148224353790283203e+00
1.202921509742736816e+00
1.072262287139892578e+00
1.152807593345642090e+00
1.158290266990661621e+00
1.177280664443969727e+00
1.057005882263183594e+00
9.247822165489196777e-01
1.219165563583374023e+00
1.018878459930419922e+00
1.029170513153076172e+00
8.541164398193359375e-01
1.206144571304321289e+00
1.018938302993774414e+00
1.163960933685302734e+00
8.673812150955200195e-01
7.987036705017089844e-01
1.102925658226013184e+00
7.573715448379516602e-01
5.630477666854858398e-01
1.782277822494506836e+00
9.467732906341552734e-01
1.186255097389221191e+00
9.375035166740417480e-01
5.246093273162841797e-01
3.056977093219757080e-01
1.314761638641357422e+00
9.083165526390075684e-01
8.539981842041015625e-01
8.165409564971923828e-01
1.070042490959167480e+00
5.639095306396484375e-01
1.115796923637390137e+00
9.935607910156250000e-01
4.825479686260223389e-01
1.003595143556594849e-01
6.734678894281387329e-02
7.697409391403198242e-02
1.014991879463195801e+00
1.743517667055130005e-01
3.022765219211578369e-01
1.906695246696472168e+00
6.285406351089477539e-01
1.081415057182312012e+00
5.864357352256774902e-01
3.181880116462707520e-01
3.407537341117858887e-01
1.782120466232299805e+00
1.040611982345581055e+00
7.532976269721984863e-01
6.996902823448181152e-01
7.921093702316284180e-01
5.800997614860534668e-01
2.951422631740570068e-01
7.316103577613830566e-02
2.146994136273860931e-02
1.994303241372108459e-02
2.578242123126983643e-02
2.487015724182128906e-02
8.854486979544162750e-03
1.283103879541158676e-02
1.061905175447463989e-02
6.110855378210544586e-03
4.554511513561010361e-03
4.124495666474103928e-03
3.667526878416538239e-03
3.480370854958891869e-03
4.099042620509862900e-03
3.706841962411999702e-03
3.405580529943108559e-03
3.205805085599422455e-03
2.169609302654862404e-03
2.377732889726758003e-03
2.546874340623617172e-03
1.771489158272743225e-03
1.695072976872324944e-03
1.521899248473346233e-03
1.369843143038451672e-03
1.321115298196673393e-03
1.201698556542396545e-03
9.358604438602924347e-04
9.546458022668957710e-04
7.845725049264729023e-04
7.848351378925144672e-04
7.055488531477749348e-04
5.637815920636057854e-04
6.143614882603287697e-04
5.861863028258085251e-04
4.798413137905299664e-04
4.517054185271263123e-04
4.104789404664188623e-04
3.754709905479103327e-04
3.536737640388309956e-04
3.386533935554325581e-04
3.695007180795073509e-04
2.991969813592731953e-04
2.785283722914755344e-04
3.075039130635559559e-04
2.535392995923757553e-04
2.401115489192306995e-04
2.241101174149662256e-04
2.505400916561484337e-04
2.781883231364190578e-04
2.670169924385845661e-04
2.670484245754778385e-04
2.975541574414819479e-04
2.812499296851456165e-04
3.074681153520941734e-04
3.719492815434932709e-04
3.545686486177146435e-04
4.153489717282354832e-04
4.086279077455401421e-04
4.407686355989426374e-04
5.456860526464879513e-04
5.875649512745440006e-04
6.876975530758500099e-04
8.589203935116529465e-04
9.209833224304020405e-04
1.130878459662199020e-03
1.216745004057884216e-03
1.491603092290461063e-03
1.685431343503296375e-03
1.622167648747563362e-03
1.780920661985874176e-03
2.028607064858078957e-03
2.484682714566588402e-03
2.073256066069006920e-03
2.028956077992916107e-03
2.715310081839561462e-03
1.790755777619779110e-03
1.997298561036586761e-03
1.676837098784744740e-03
1.516113281250000000e+00
6.720634549856185913e-02
1.031246408820152283e-02
1.989516243338584900e-02
3.248248249292373657e-02
3.151207789778709412e-02
2.596950903534889221e-02
1.851697266101837158e-02
2.888872101902961731e-02
2.414419502019882202e-02
3.460326790809631348e-02
3.377876281738281250e+00
8.672681450843811035e-01
5.891894698143005371e-01
3.532273471355438232e-01
8.078217506408691406e-01
5.801095962524414062e-01
8.697257041931152344e-01
1.253660202026367188e+00
8.660668134689331055e-01
7.996817231178283691e-01
1.145696043968200684e+00
8.427013754844665527e-01
8.502757549285888672e-01
1.469355583190917969e+00
1.019157886505126953e+00
8.105325698852539062e-01
1.356798291206359863e+00
8.667653203010559082e-01
8.269197940826416016e-01
9.549825191497802734e-01
1.489811539649963379e+00
1.062388539314270020e+00
1.025900006294250488e+00
9.185861945152282715e-01
1.577088832855224609e+00
1.074324369430541992e+00
9.968301057815551758e-01
9.678304791450500488e-01
1.061831712722778320e+00
9.239522218704223633e-01
9.325345754623413086e-01
9.621770381927490234e-01
8.840364217758178711e-01
1.347396612167358398e+00
1.394259452819824219e+00
1.083791494369506836e+00
8.699940443038940430e-01
9.004738330841064453e-01
1.201125264167785645e+00
1.012929320335388184e+00
9.074387550354003906e-01
6.355337500572204590e-01
1.558089494705200195e+00
7.906448841094970703e-01
1.131204247474670410e+00
9.190435409545898438e-01
9.189365506172180176e-01
7.052738666534423828e-01
9.162540435791015625e-01
8.548173904418945312e-01
6.045949459075927734e-01
7.626307606697082520e-01
1.184994459152221680e+00
1.230839252471923828e+00
6.792724132537841797e-01
5.901379585266113281e-01
1.325623989105224609e+00
8.664212226867675781e-01
7.137730121612548828e-01
6.957987546920776367e-01
1.207155585289001465e+00
1.079952716827392578e+00
7.420867681503295898e-01
8.340206742286682129e-01
6.844806671142578125e-01
9.267051219940185547e-01
7.686531543731689453e-01
6.577646136283874512e-01
6.678850650787353516e-01
1.488862991333007812e+00
8.099336624145507812e-01
5.526911020278930664e-01
1.035165548324584961e+00
1.046683788299560547e+00
5.225306749343872070e-01
1.377959251403808594e+00
5.718522071838378906e-01
7.737540006637573242e-01
7.365063428878784180e-01
6.948172450065612793e-01
1.192050457000732422e+00
6.709768772125244141e-01
1.215480446815490723e+00
5.534689426422119141e-01
7.047920823097229004e-01
2.695939838886260986e-01
9.739174693822860718e-02
2.198106348514556885e-01
5.918329581618309021e-02
1.276468932628631592e-01
8.232736587524414062e-02
7.658230513334274292e-02
3.474677354097366333e-02
3.211221843957901001e-02
2.642932906746864319e-02
5.115715414285659790e-02
3.857578337192535400e-02
5.260849744081497192e-02
9.771492332220077515e-02
4.167849570512771606e-02
3.286864235997200012e-02
2.691788226366043091e-02
2.568813040852546692e-02
7.965386658906936646e-02
2.907255431637167931e-03
3.951493740081787109e+00
1.777659654617309570e+00
9.058284163475036621e-01
1.015553474426269531e+00
1.384302735328674316e+00
9.415223598480224609e-01
7.932468652725219727e-01
1.675476551055908203e+00
1.197726488113403320e+00
1.301271677017211914e+00
1.224952459335327148e+00
1.334580540657043457e+00
1.224871158599853516e+00
1.212579965591430664e+00
1.293416976928710938e+00
1.265883445739746094e+00
1.397473096847534180e+00
1.160602211952209473e+00
9.504123926162719727e-01
1.079786300659179688e+00
1.154986739158630371e+00
8.930354118347167969e-01
1.424022912979125977e+00
1.349973917007446289e+00
1.069894909858703613e+00
1.430505275726318359e+00
1.188752651214599609e+00
1.190184473991394043e+00
1.050247192382812500e+00
8.881932497024536133e-01
1.410063385963439941e+00
1.130170583724975586e+00
1.028948068618774414e+00
1.113945722579956055e+00
1.301421761512756348e+00
8.609632253646850586e-01
1.333976864814758301e+00
1.018346309661865234e+00
1.020979404449462891e+00
1.271365404129028320e+00
1.175098657608032227e+00
9.743778705596923828e-01
1.024604797363281250e+00
1.098792791366577148e+00
8.822520971298217773e-01
9.462961554527282715e-01
8.970068097114562988e-01
8.911423683166503906e-01
1.205943703651428223e+00
9.548569321632385254e-01
1.044182419776916504e+00
9.745861291885375977e-01
1.027355551719665527e+00
8.267200589179992676e-01
1.341791391372680664e+00
8.954387307167053223e-01
8.670537471771240234e-01
1.313491582870483398e+00
9.146013855934143066e-01
8.225514888763427734e-01
8.529375791549682617e-01
1.103366613388061523e+00
9.128541350364685059e-01
9.350676536560058594e-01
9.416857957839965820e-01
7.448928952217102051e-01
6.588072180747985840e-01
9.985753893852233887e-01
5.437098741531372070e-01
5.985829830169677734e-01
1.259574055671691895e+00
6.947640776634216309e-01
3.271783292293548584e-01
2.225233912467956543e-01
2.745070755481719971e-01
2.482614964246749878e-01
1.816944181919097900e-01
1.735463500022888184e+00
1.153894901275634766e+00
1.046158194541931152e+00
8.782944679260253906e-01
1.037310838699340820e+00
1.142740011215209961e+00
8.987628221511840820e-01
1.094871520996093750e+00
1.006380677223205566e+00
1.228122830390930176e+00
7.412986159324645996e-01
8.079762458801269531e-01
9.313508272171020508e-01
7.511736154556274414e-01
5.746966600418090820e-01
5.262037515640258789e-01
1.929659694433212280e-01
2.650661170482635498e-01
1.679717063903808594e+00
1.360409140586853027e+00
1.169751882553100586e+00
1.109633922576904297e+00
9.837326407432556152e-01
1.108525037765502930e+00
1.211029648780822754e+00
1.089537262916564941e+00
1.053409457206726074e+00
1.237545013427734375e+00
1.096228003501892090e+00
1.072649240493774414e+00
9.194536209106445312e-01
1.080745458602905273e+00
1.026697278022766113e+00
8.814536333084106445e-01
1.326674938201904297e+00
1.316263675689697266e+00
9.111667871475219727e-01
9.898257255554199219e-01
1.130226373672485352e+00
1.142355203628540039e+00
8.484034538269042969e-01
8.862831592559814453e-01
8.169728517532348633e-01
8.112255334854125977e-01
8.732342720031738281e-01
7.271979451179504395e-01
9.972913265228271484e-01
7.955838441848754883e-01
6.559966802597045898e-01
8.714407682418823242e-01
6.300251483917236328e-01
4.723107218742370605e-01
1.194249510765075684e+00
4.561046659946441650e-01
9.874397516250610352e-01
4.987066984176635742e-01
3.803187012672424316e-01
1.858801841735839844e-01
7.942146807909011841e-02
4.861725121736526489e-02
7.952646911144256592e-02
4.654532670974731445e-02
5.529233068227767944e-02
5.063076317310333252e-02
5.156925320625305176e-02
5.098063498735427856e-02
3.955611214041709900e-02
7.348372135311365128e-03
3.330963477492332458e-02
2.465097606182098389e-02
2.821506559848785400e-02
9.671119973063468933e-03
2.869164198637008667e-02
3.385441899299621582e-01
1.167944669723510742e+00
5.476265549659729004e-01
3.213360309600830078e-01
5.700865983963012695e-01
7.629336118698120117e-01
8.368710875511169434e-01
4.737179875373840332e-01
7.884495854377746582e-01
6.500651240348815918e-01
7.130221128463745117e-01
6.998690366744995117e-01
6.581014394760131836e-01
5.086082220077514648e-01
5.720629096031188965e-01
1.377382755279541016e+00
8.185462951660156250e-01
7.239813804626464844e-01
7.402251958847045898e-01
8.504397869110107422e-01
8.275377750396728516e-01
8.101090788841247559e-01
7.122859954833984375e-01
5.779243111610412598e-01
4.595868587493896484e-01
8.881109952926635742e-01
6.272511482238769531e-01
8.711718916893005371e-01
7.837666869163513184e-01
6.875839829444885254e-01
1.224223256111145020e+00
6.619040966033935547e-01
5.576218962669372559e-01
6.377793550491333008e-01
4.739981889724731445e-01
1.520488262176513672e+00
8.149486780166625977e-01
7.817810177803039551e-01
6.557149887084960938e-01
2.791276574134826660e-01
1.098899483680725098e+00
1.243967533111572266e+00
9.083886146545410156e-01
5.794684886932373047e-01
5.656442642211914062e-01
4.660207033157348633e-01
2.565020024776458740e-01
1.556471586227416992e-01
1.810764372348785400e-01
7.366097718477249146e-02
4.842945560812950134e-02
2.557273209095001221e-02
3.184945881366729736e-02
2.912019193172454834e-02
6.574006378650665283e-02
6.803224980831146240e-02
6.299933791160583496e-02
2.196839451789855957e-02
3.077957592904567719e-02
1.350372284650802612e-02
1.307336334139108658e-02
1.944760978221893311e-02
1.062683016061782837e-02
1.447079610079526901e-02
2.462642965838313103e-03
4.132159054279327393e-03
2.101645246148109436e-02
1.304658968001604080e-02
7.964160293340682983e-03
1.131924614310264587e-02
9.638380259275436401e-03
1.400882937014102936e-02
1.017656829208135605e-02
8.196805603802204132e-03
5.446766037493944168e-03
5.550302565097808838e-03
1.044919155538082123e-02
1.228885725140571594e-02
2.265380229800939560e-03
6.644309964030981064e-03
6.065091583877801895e-03
1.309538260102272034e-02
4.554935730993747711e-03
1.533818431198596954e-02
8.392663672566413879e-03
1.789542380720376968e-03
3.797421604394912720e-02
5.308730993419885635e-03
9.233845630660653114e-04
4.044119559694081545e-04
3.379507106728851795e-04
4.234008374623954296e-04
2.711425477173179388e-04
2.649005909916013479e-04
