5.857345104217529297e+00
1.614024162292480469e+00
1.248035812377929688e+01
1.621538519859313965e+00
1.436018705368041992e+00
1.295441627502441406e+00
9.778380393981933594e-01
1.116958260536193848e+00
1.049523353576660156e+00
1.674691677093505859e+00
9.221909046173095703e-01
1.288338422775268555e+00
1.198430061340332031e+00
1.073143959045410156e+00
1.776456475257873535e+00
1.444945693016052246e+00
1.271955966949462891e+00
8.960416316986083984e-01
8.891863822937011719e-01
1.198754549026489258e+00
7.629438638687133789e-01
4.991921186447143555e-01
1.864369034767150879e+00
9.740656614303588867e-01
6.773385405540466309e-01
1.079133510589599609e+00
1.284509539604187012e+00
1.403629064559936523e+00
1.290467739105224609e+00
9.524949193000793457e-01
2.230202674865722656e+00
1.121840476989746094e+00
6.160202026367187500e-01
3.828250169754028320e-01
1.556142091751098633e+00
1.152750372886657715e+00
1.037578344345092773e+00
1.564994096755981445e+00
1.444983720779418945e+00
7.639026045799255371e-01
1.732212543487548828e+00
1.512894034385681152e+00
1.212004661560058594e+00
1.100506067276000977e+00
9.739767313003540039e-01
1.452639102935791016e+00
1.201721549034118652e+00
1.198052048683166504e+00
7.613788247108459473e-01
1.845867633819580078e+00
1.037341833114624023e+00
7.764945626258850098e-01
1.124607205390930176e+00
4.254806041717529297e-01
4.110553860664367676e-01
2.860240936279296875e+00
1.093271255493164062e+00
1.045155882835388184e+00
1.163939356803894043e+00
9.989955425262451172e-01
8.741744756698608398e-01
1.121373534202575684e+00
1.005247592926025391e+00
8.633804917335510254e-01
2.511100053787231445e+00
1.498346090316772461e+00
8.549475073814392090e-01
9.615895748138427734e-01
1.215433478355407715e+00
1.298518180847167969e+00
1.275542855262756348e+00
1.066270828247070312e+00
5.221320390701293945e-01
9.676615595817565918e-01
3.460043668746948242e-01
1.464518904685974121e-01
7.815883308649063110e-02
6.432573497295379639e-02
6.684316694736480713e-02
6.892387568950653076e-02
1.264162957668304443e-01
3.151550143957138062e-02
2.969380468130111694e-02
4.381442815065383911e-02
1.809599995613098145e-02
1.230591163039207458e-02
1.583839021623134613e-02
3.401494817808270454e-03
2.030913252383470535e-03
1.095954328775405884e-02
9.512809105217456818e-03
4.638337064534425735e-03
1.482365094125270844e-02
1.301493681967258453e-02
3.677353262901306152e-02
8.541187286376953125e+00
1.892025828361511230e+00
1.410967230796813965e+00
1.345452904701232910e+00
1.124170780181884766e+00
1.135779738426208496e+00
1.033306837081909180e+00
1.087484598159790039e+00
9.253111481666564941e-01
8.874417543411254883e-01
1.163850307464599609e+00
1.305989742279052734e+00
1.086938023567199707e+00
1.128959059715270996e+00
9.059787988662719727e-01
1.055382132530212402e+00
1.198509931564331055e+00
1.181284666061401367e+00
1.228081941604614258e+00
1.316992282867431641e+00
1.281474351882934570e+00
1.356625914573669434e+00
1.287346601486206055e+00
1.174436092376708984e+00
1.305360913276672363e+00
1.514145851135253906e+00
1.653048753738403320e+00
1.471788644790649414e+00
1.564559936523437500e+00
1.652828454971313477e+00
1.620644569396972656e+00
1.507091045379638672e+00
1.396903634071350098e+00
1.537511825561523438e+00
1.564682245254516602e+00
1.530714273452758789e+00
1.496083498001098633e+00
1.538844585418701172e+00
1.484599351882934570e+00
1.307736635208129883e+00
1.529411435127258301e+00
1.523337841033935547e+00
1.423049092292785645e+00
1.266802072525024414e+00
1.235145568847656250e+00
1.418340682983398438e+00
1.369398236274719238e+00
1.472030162811279297e+00
1.444888114929199219e+00
1.260430097579956055e+00
1.357737302780151367e+00
1.364121913909912109e+00
1.285333991050720215e+00
1.339478492736816406e+00
1.345777034759521484e+00
1.337731838226318359e+00
1.316048264503479004e+00
1.341189384460449219e+00
1.383463382720947266e+00
1.346107125282287598e+00
1.426437497138977051e+00
1.202160835266113281e+00
1.305837869644165039e+00
1.324101924896240234e+00
1.280010938644409180e+00
1.292644500732421875e+00
1.394034385681152344e+00
1.212641477584838867e+00
1.265287637710571289e+00
1.218328475952148438e+00
1.229812622070312500e+00
1.311993956565856934e+00
1.240282177925109863e+00
1.372058510780334473e+00
1.429489493370056152e+00
1.271686792373657227e+00
1.370099663734436035e+00
1.271355032920837402e+00
1.226385116577148438e+00
1.284192085266113281e+00
1.465951442718505859e+00
1.258530139923095703e+00
1.452136874198913574e+00
1.299239397048950195e+00
1.392736315727233887e+00
1.383543372154235840e+00
1.231592178344726562e+00
1.373354434967041016e+00
1.409882307052612305e+00
1.375439643859863281e+00
1.306645274162292480e+00
1.224170207977294922e+00
1.349095821380615234e+00
1.295538544654846191e+00
1.276512145996093750e+00
1.308672666549682617e+00
1.221322298049926758e+00
1.289841651916503906e+00
1.310981392860412598e+00
1.251518011093139648e+00
1.191826224327087402e+00
1.337939023971557617e+00
1.429937958717346191e+00
1.374923229217529297e+00
1.254603385925292969e+00
1.293219566345214844e+00
1.245142102241516113e+00
1.371238708496093750e+00
1.347754478454589844e+00
1.400662541389465332e+00
1.304473161697387695e+00
1.321182847023010254e+00
1.200201272964477539e+00
1.270304679870605469e+00
1.422749996185302734e+00
1.215116977691650391e+00
1.434017062187194824e+00
1.268156647682189941e+00
1.327645063400268555e+00
1.173326611518859863e+00
1.241283893585205078e+00
1.476417303085327148e+00
1.320134043693542480e+00
1.291699171066284180e+00
1.302717566490173340e+00
1.265599012374877930e+00
1.303017616271972656e+00
1.258686423301696777e+00
1.168851494789123535e+00
1.299237012863159180e+00
1.331856846809387207e+00
1.208071708679199219e+00
1.273492574691772461e+00
1.368796586990356445e+00
1.284989595413208008e+00
1.231185913085937500e+00
1.152149319648742676e+00
1.290680885314941406e+00
1.223942518234252930e+00
1.314230203628540039e+00
1.216343760490417480e+00
1.267056822776794434e+00
1.319273233413696289e+00
1.188808202743530273e+00
1.386493682861328125e+00
1.336043119430541992e+00
1.094102382659912109e+00
1.190861940383911133e+00
1.160480618476867676e+00
1.318595886230468750e+00
1.318633079528808594e+00
1.246954441070556641e+00
1.215116262435913086e+00
1.251787543296813965e+00
1.102502822875976562e+00
1.161416649818420410e+00
1.439102411270141602e+00
1.204814195632934570e+00
1.221932649612426758e+00
1.128022432327270508e+00
1.194002628326416016e+00
1.277751684188842773e+00
1.194015026092529297e+00
1.336752414703369141e+00
1.157421112060546875e+00
1.084308028221130371e+00
9.783817529678344727e-01
1.028835058212280273e+00
1.493019938468933105e+00
1.139837741851806641e+00
1.269711136817932129e+00
1.151116371154785156e+00
1.106646656990051270e+00
1.336457252502441406e+00
1.058168172836303711e+00
9.437496662139892578e-01
8.871368169784545898e-01
1.377084493637084961e+00
1.034083127975463867e+00
1.079695105552673340e+00
1.108453512191772461e+00
1.487573146820068359e+00
1.030530333518981934e+00
9.215310215950012207e-01
1.273138284683227539e+00
1.539870858192443848e+00
1.251387953758239746e+00
1.261773347854614258e+00
1.294855356216430664e+00
7.068082690238952637e-01
1.040070652961730957e+00
1.420827865600585938e+00
1.085041403770446777e+00
9.835458397865295410e-01
1.311083555221557617e+00
1.310763597488403320e+00
7.998127937316894531e-01
5.529168844223022461e-01
1.235137581825256348e+00
8.928779959678649902e-01
1.001036286354064941e+00
1.685519456863403320e+00
7.479076981544494629e-01
5.919928550720214844e-01
1.771444082260131836e+00
1.375272750854492188e+00
1.225940108299255371e+00
1.098569631576538086e+00
1.053373336791992188e+00
1.085122108459472656e+00
1.230264067649841309e+00
1.184714078903198242e+00
1.175307512283325195e+00
1.051835179328918457e+00
1.088480472564697266e+00
1.074005603790283203e+00
1.014584898948669434e+00
9.902949333190917969e-01
9.486079216003417969e-01
9.826611280441284180e-01
8.236092329025268555e-01
1.008389949798583984e+00
1.160053610801696777e+00
8.778096437454223633e-01
8.753499388694763184e-01
1.053415417671203613e+00
7.901136279106140137e-01
8.127474188804626465e-01
7.748072147369384766e-01
8.817363381385803223e-01
7.353465557098388672e-01
7.459494471549987793e-01
7.550022602081298828e-01
2.198458462953567505e-01
8.427593111991882324e-02
1.997279673814773560e-01
4.659338593482971191e-01
2.398071289062500000e+00
1.229463577270507812e+00
1.042698144912719727e+00
8.657673001289367676e-01
9.457287192344665527e-01
1.098156929016113281e+00
9.508502483367919922e-01
8.299766778945922852e-01
6.646739840507507324e-01
4.468663930892944336e-01
1.061593413352966309e+00
1.111907839775085449e+00
7.330394983291625977e-01
1.107423901557922363e+00
1.087342739105224609e+00
6.372647285461425781e-01
9.048976898193359375e-01
1.753940582275390625e+00
1.077036380767822266e+00
8.814434409141540527e-01
9.341190457344055176e-01
8.463957309722900391e-01
7.059743404388427734e-01
5.534756183624267578e-01
9.375197887420654297e-01
6.052098274230957031e-01
4.047521352767944336e-01
3.929888010025024414e-01
5.414612889289855957e-01
3.097585141658782959e-01
5.866119861602783203e-01
1.712665438652038574e+00
8.394814729690551758e-01
7.583354711532592773e-01
7.359369993209838867e-01
4.665685892105102539e-01
2.048050165176391602e-01
8.186402171850204468e-02
3.567830473184585571e-02
1.652685366570949554e-02
9.530037641525268555e-03
7.293555419892072678e-03
6.572554819285869598e-03
5.820262245833873749e-03
4.162060562521219254e-03
3.902665805071592331e-03
3.559654112905263901e-03
2.724413760006427765e-03
2.590296091511845589e-03
2.230488928034901619e-03
2.162937074899673462e-03
1.752932090312242508e-03
1.584842801094055176e-03
1.660538720898330212e-03
2.675757743418216705e-03
1.892652595415711403e-03
1.301253796555101871e-03
1.153661869466304779e-03
1.077876426279544830e-03
9.477603016421198845e-04
8.453400805592536926e-04
8.415082120336592197e-04
8.371709263883531094e-04
7.242922438308596611e-04
8.151651709340512753e-04
7.677151006646454334e-04
6.433959351852536201e-04
6.589549011550843716e-04
