2.613934707641601562e+01
7.259766578674316406e+00
3.147976636886596680e+00
3.026162147521972656e+00
3.368567943572998047e+00
3.005951404571533203e+00
2.105405330657958984e+00
1.938520193099975586e+00
2.316846609115600586e+00
2.438784360885620117e+00
1.528110623359680176e+00
1.809128642082214355e+00
2.642683029174804688e+00
2.205378770828247070e+00
1.961005568504333496e+00
3.226215839385986328e+00
3.120027780532836914e+00
1.122047185897827148e+00
1.230727076530456543e+00
1.186416864395141602e+00
1.368470668792724609e+00
2.369091749191284180e+00
3.406606435775756836e+00
3.050213575363159180e+00
2.291627883911132812e+00
2.847044467926025391e+00
1.287852048873901367e+00
1.205599546432495117e+00
1.311198234558105469e+00
1.383479714393615723e+00
2.953944206237792969e+00
5.580499172210693359e+00
3.856022834777832031e+00
3.824395656585693359e+00
1.876925587654113770e+00
1.462998867034912109e+00
1.579305887222290039e+00
2.372919797897338867e+00
1.944780468940734863e+00
2.105654716491699219e+00
1.193700313568115234e+00
1.219866633415222168e+00
1.214396119117736816e+00
1.622098088264465332e+00
2.156833648681640625e+00
1.288240075111389160e+00
1.336551904678344727e+00
1.167595863342285156e+00
1.519693374633789062e+00
2.891355276107788086e+00
3.636680841445922852e+00
4.232364654541015625e+00
1.202799320220947266e+00
1.242105722427368164e+00
1.261003136634826660e+00
1.059609413146972656e+00
1.124539136886596680e+00
1.269378781318664551e+00
1.038853764533996582e+00
1.167772531509399414e+00
1.230274319648742676e+00
1.124576568603515625e+00
1.496838331222534180e+00
1.111636042594909668e+00
1.240174531936645508e+00
1.323919057846069336e+00
1.347943544387817383e+00
1.242713451385498047e+00
1.390672206878662109e+00
1.384726285934448242e+00
1.941056251525878906e+00
1.699390649795532227e+00
1.833938479423522949e+00
1.435001134872436523e+00
1.390110015869140625e+00
1.483425378799438477e+00
1.675556540489196777e+00
1.730691552162170410e+00
1.567135691642761230e+00
1.727305650711059570e+00
1.501478552818298340e+00
1.480046629905700684e+00
2.124456882476806641e+00
1.597114562988281250e+00
2.017123937606811523e+00
1.541499257087707520e+00
1.820886373519897461e+00
1.629903793334960938e+00
2.187530279159545898e+00
1.377694964408874512e+00
1.418865680694580078e+00
1.932605862617492676e+00
1.646775841712951660e+00
1.901791810989379883e+00
2.363685131072998047e+00
1.764843463897705078e+00
1.450562000274658203e+00
2.225231647491455078e+00
1.617940545082092285e+00
1.368055701255798340e+00
1.444829463958740234e+00
1.005191802978515625e+00
1.240581035614013672e+00
1.616469144821166992e+00
3.590618371963500977e+00
5.881461620330810547e+00
6.083650588989257812e+00
5.238987922668457031e+00
1.728928685188293457e+00
1.772593259811401367e+00
1.498238563537597656e+00
1.564834237098693848e+00
1.771690845489501953e+00
1.893880844116210938e+00
1.352716088294982910e+00
1.542616009712219238e+00
1.719103217124938965e+00
1.346257567405700684e+00
1.396613836288452148e+00
1.691910386085510254e+00
1.379442572593688965e+00
1.719757676124572754e+00
1.809027791023254395e+00
1.607869148254394531e+00
1.616453170776367188e+00
1.521440505981445312e+00
1.729971408843994141e+00
2.121228933334350586e+00
1.631906628608703613e+00
1.891672015190124512e+00
1.326845645904541016e+00
1.011566996574401855e+00
1.191008925437927246e+00
1.317533493041992188e+00
1.499785542488098145e+00
1.148423194885253906e+00
1.230399608612060547e+00
1.305072069168090820e+00
1.353233814239501953e+00
1.389568090438842773e+00
1.269235730171203613e+00
1.303517937660217285e+00
1.345951795578002930e+00
1.341414928436279297e+00
1.451324462890625000e+00
1.452306389808654785e+00
1.494768381118774414e+00
1.714914798736572266e+00
1.216996669769287109e+00
1.678565502166748047e+00
2.190578460693359375e+00
1.406320571899414062e+00
1.828239917755126953e+00
2.268677949905395508e+00
1.015661597251892090e+00
1.097145676612854004e+00
1.203495025634765625e+00
1.014187812805175781e+00
1.061908364295959473e+00
1.114083051681518555e+00
1.108614444732666016e+00
1.041224956512451172e+00
1.145374774932861328e+00
1.018546819686889648e+00
1.194161772727966309e+00
1.348278641700744629e+00
1.088235020637512207e+00
1.210775494575500488e+00
1.172987699508666992e+00
1.148574709892272949e+00
1.322129964828491211e+00
1.270407676696777344e+00
1.521692156791687012e+00
2.567075014114379883e+00
1.075562715530395508e+00
1.468821883201599121e+00
1.687572360038757324e+00
2.091737747192382812e+00
2.574383258819580078e+00
1.430938005447387695e+00
1.481266617774963379e+00
1.638596415519714355e+00
1.740118026733398438e+00
2.164423942565917969e+00
2.295608043670654297e+00
1.315923929214477539e+00
1.356518864631652832e+00
1.316028475761413574e+00
1.069187879562377930e+00
1.324680924415588379e+00
1.786561608314514160e+00
1.701980710029602051e+00
1.921212196350097656e+00
2.035054922103881836e+00
2.170859098434448242e+00
2.034152984619140625e+00
2.052652835845947266e+00
1.113616824150085449e+00
1.118596196174621582e+00
1.160017251968383789e+00
1.063307166099548340e+00
1.084673881530761719e+00
1.105532050132751465e+00
1.236925125122070312e+00
1.406854033470153809e+00
1.718007802963256836e+00
1.766764283180236816e+00
1.516232252120971680e+00
1.310822725296020508e+00
1.374625205993652344e+00
1.403488397598266602e+00
1.488181114196777344e+00
1.588339924812316895e+00
1.763265848159790039e+00
2.074529886245727539e+00
1.915563583374023438e+00
1.390947341918945312e+00
1.442866683006286621e+00
1.931011557579040527e+00
1.796758174896240234e+00
2.363199710845947266e+00
1.909117698669433594e+00
1.459971189498901367e+00
1.650248765945434570e+00
1.490460276603698730e+00
1.451214313507080078e+00
1.931143403053283691e+00
1.792810320854187012e+00
1.856662750244140625e+00
2.145241975784301758e+00
2.900413513183593750e+00
1.241021871566772461e+00
1.440199017524719238e+00
1.670424699783325195e+00
1.709511637687683105e+00
1.714909553527832031e+00
1.685479640960693359e+00
1.663361072540283203e+00
1.859021544456481934e+00
1.601583719253540039e+00
2.818676710128784180e+00
1.659100055694580078e+00
1.306057214736938477e+00
1.519076824188232422e+00
1.358053445816040039e+00
1.693857073783874512e+00
1.952978253364562988e+00
2.224494934082031250e+00
3.048337221145629883e+00
2.011333227157592773e+00
1.969202399253845215e+00
2.313659667968750000e+00
1.837028741836547852e+00
1.807841658592224121e+00
2.231528759002685547e+00
3.070433616638183594e+00
2.052789688110351562e+00
1.943480014801025391e+00
2.588520526885986328e+00
2.683460712432861328e+00
1.931240916252136230e+00
1.974036931991577148e+00
2.511471271514892578e+00
2.464465141296386719e+00
2.614591598510742188e+00
1.300230264663696289e+00
1.492516040802001953e+00
1.984925746917724609e+00
2.644279003143310547e+00
3.207158803939819336e+00
6.049920082092285156e+00
2.377117156982421875e+00
2.158204317092895508e+00
2.636329174041748047e+00
2.203367471694946289e+00
2.069531917572021484e+00
2.309450864791870117e+00
1.654107093811035156e+00
1.896926164627075195e+00
1.981921792030334473e+00
2.509242534637451172e+00
4.026000499725341797e+00
5.523894309997558594e+00
5.581702232360839844e+00
6.532938957214355469e+00
6.646206855773925781e+00
6.893342494964599609e+00
9.874898910522460938e+00
1.113737583160400391e+01
6.920346260070800781e+00
7.044390201568603516e+00
8.818528175354003906e+00
6.789130210876464844e+00
1.087502288818359375e+01
6.695906639099121094e+00
1.487234020233154297e+01
7.022241115570068359e+00
7.171114921569824219e+00
7.299055099487304688e+00
7.233990192413330078e+00
7.014359951019287109e+00
8.083894729614257812e+00
7.203604698181152344e+00
8.006506919860839844e+00
8.269507408142089844e+00
8.364013671875000000e+00
4.362204551696777344e+00
4.688769340515136719e+00
2.802326917648315430e+00
2.791018724441528320e+00
2.858697414398193359e+00
2.630210638046264648e+00
2.942491769790649414e+00
2.706957101821899414e+00
3.182913303375244141e+00
3.431933164596557617e+00
2.855005979537963867e+00
3.154620647430419922e+00
3.046938180923461914e+00
3.057374000549316406e+00
2.750287771224975586e+00
2.707376956939697266e+00
3.307352542877197266e+00
3.789370298385620117e+00
3.427204608917236328e+00
3.693319797515869141e+00
4.380873680114746094e+00
4.047201156616210938e+00
4.349982738494873047e+00
4.509957313537597656e+00
4.315261363983154297e+00
4.190810680389404297e+00
3.584066152572631836e+00
2.974756717681884766e+00
3.626524925231933594e+00
3.620586395263671875e+00
4.097189426422119141e+00
3.754940032958984375e+00
4.450339794158935547e+00
4.762265682220458984e+00
5.569145202636718750e+00
5.560962200164794922e+00
5.237233161926269531e+00
3.895145416259765625e+00
3.659525871276855469e+00
3.919792652130126953e+00
3.527079105377197266e+00
3.841976404190063477e+00
3.967522621154785156e+00
4.223632812500000000e+00
4.291681289672851562e+00
4.596923828125000000e+00
5.115522861480712891e+00
5.472498416900634766e+00
6.167958736419677734e+00
6.770658493041992188e+00
6.709496974945068359e+00
6.714946746826171875e+00
7.329453468322753906e+00
7.583377361297607422e+00
7.324741840362548828e+00
7.166695117950439453e+00
7.238296985626220703e+00
7.247484683990478516e+00
7.059699058532714844e+00
7.457632064819335938e+00
7.686359882354736328e+00
7.475672721862792969e+00
7.422667980194091797e+00
7.514953613281250000e+00
7.463223934173583984e+00
7.657087802886962891e+00
7.640657901763916016e+00
7.559569358825683594e+00
7.882050037384033203e+00
7.959524154663085938e+00
7.871394157409667969e+00
7.665970325469970703e+00
8.042296409606933594e+00
7.598717212677001953e+00
7.698136329650878906e+00
7.932410717010498047e+00
7.891621112823486328e+00
8.507046699523925781e+00
8.329815864562988281e+00
8.372610092163085938e+00
8.615975379943847656e+00
8.334933280944824219e+00
8.236336708068847656e+00
8.898653984069824219e+00
8.988890647888183594e+00
9.113447189331054688e+00
8.565423965454101562e+00
9.478753089904785156e+00
9.719271659851074219e+00
9.815360069274902344e+00
9.575231552124023438e+00
9.538600921630859375e+00
9.845319747924804688e+00
9.335948944091796875e+00
1.025689888000488281e+01
9.873444557189941406e+00
9.836813926696777344e+00
9.824666976928710938e+00
1.047146224975585938e+01
1.033837413787841797e+01
1.022680854797363281e+01
9.805785179138183594e+00
1.065151596069335938e+01
9.777258872985839844e+00
1.045731163024902344e+01
1.015578842163085938e+01
9.952598571777343750e+00
1.002773761749267578e+01
9.731369972229003906e+00
9.703420639038085938e+00
9.670179367065429688e+00
8.607580184936523438e+00
8.619120597839355469e+00
8.253032684326171875e+00
8.635311126708984375e+00
7.819175720214843750e+00
7.792394161224365234e+00
8.014967918395996094e+00
7.998643875122070312e+00
8.109713554382324219e+00
8.128321647644042969e+00
7.945580005645751953e+00
7.867339134216308594e+00
7.928970336914062500e+00
7.835192680358886719e+00
7.996922492980957031e+00
7.765422821044921875e+00
7.710165977478027344e+00
7.680182933807373047e+00
7.954862594604492188e+00
8.078396797180175781e+00
7.766098499298095703e+00
7.844568729400634766e+00
7.490848541259765625e+00
7.729005813598632812e+00
7.461665630340576172e+00
7.643054485321044922e+00
7.840355873107910156e+00
7.992637157440185547e+00
8.054454803466796875e+00
7.842925071716308594e+00
8.126806259155273438e+00
8.192650794982910156e+00
8.003735542297363281e+00
1.213980197906494141e+01
1.067243385314941406e+01
8.861345291137695312e+00
9.264402389526367188e+00
1.029476165771484375e+01
9.672182083129882812e+00
1.033918857574462891e+01
4.790732860565185547e+00
5.232407093048095703e+00
5.080166339874267578e+00
5.071441650390625000e+00
3.966672420501708984e+00
4.762408256530761719e+00
4.472221374511718750e+00
4.546024322509765625e+00
4.180082321166992188e+00
4.764717102050781250e+00
4.336809158325195312e+00
4.463773727416992188e+00
3.051711320877075195e+00
2.454827547073364258e+00
3.004487514495849609e+00
3.123656272888183594e+00
3.226967334747314453e+00
3.879781246185302734e+00
3.547569274902343750e+00
3.799801826477050781e+00
3.701301097869873047e+00
3.925393104553222656e+00
3.668460369110107422e+00
4.473801612854003906e+00
3.513750076293945312e+00
3.822775363922119141e+00
3.435017824172973633e+00
3.668021678924560547e+00
3.509984970092773438e+00
3.515672445297241211e+00
4.131660938262939453e+00
3.377489328384399414e+00
3.394351720809936523e+00
3.978551864624023438e+00
4.030859947204589844e+00
3.319707632064819336e+00
3.407059192657470703e+00
3.438591957092285156e+00
2.865816116333007812e+00
3.128905534744262695e+00
3.710873365402221680e+00
2.867403984069824219e+00
3.260970115661621094e+00
2.957573413848876953e+00
3.470451831817626953e+00
3.560969591140747070e+00
3.666657924652099609e+00
4.043649196624755859e+00
3.453986167907714844e+00
3.677333354949951172e+00
3.438648462295532227e+00
3.748413801193237305e+00
3.469820737838745117e+00
4.088367938995361328e+00
3.990746021270751953e+00
3.644265413284301758e+00
4.083603858947753906e+00
4.826085567474365234e+00
2.712977886199951172e+00
3.004982709884643555e+00
2.890944004058837891e+00
3.125159740447998047e+00
3.256323575973510742e+00
3.050547361373901367e+00
3.690941572189331055e+00
3.870294809341430664e+00
3.863890171051025391e+00
3.643357992172241211e+00
3.465124130249023438e+00
3.951598167419433594e+00
3.550781250000000000e+00
3.083469390869140625e+00
3.596768379211425781e+00
3.120176553726196289e+00
3.021987199783325195e+00
3.171310424804687500e+00
3.032526016235351562e+00
2.887119293212890625e+00
3.273326396942138672e+00
3.065938234329223633e+00
3.669046640396118164e+00
3.773348808288574219e+00
3.869676589965820312e+00
4.435905456542968750e+00
3.488940477371215820e+00
3.437687397003173828e+00
3.341991901397705078e+00
3.032130956649780273e+00
2.866493940353393555e+00
3.529423713684082031e+00
3.957665443420410156e+00
4.736459255218505859e+00
2.578415870666503906e+00
2.589399814605712891e+00
3.475519180297851562e+00
3.630697011947631836e+00
4.683957576751708984e+00
5.204417705535888672e+00
5.763531208038330078e+00
6.407315731048583984e+00
6.450506210327148438e+00
7.707161903381347656e+00
9.301351547241210938e+00
7.884174346923828125e+00
8.455358505249023438e+00
1.181328392028808594e+01
1.133947849273681641e+01
7.216989994049072266e+00
3.619779348373413086e+00
3.708886623382568359e+00
4.150652408599853516e+00
4.616664886474609375e+00
4.248319625854492188e+00
3.302439212799072266e+00
3.263322830200195312e+00
3.305749893188476562e+00
3.543399095535278320e+00
3.394269466400146484e+00
3.659651041030883789e+00
3.280135869979858398e+00
3.595399856567382812e+00
3.524311780929565430e+00
4.292035102844238281e+00
3.386420488357543945e+00
4.142959117889404297e+00
3.999363183975219727e+00
4.610428810119628906e+00
4.181209564208984375e+00
3.505323886871337891e+00
3.754333972930908203e+00
4.299489974975585938e+00
4.100925445556640625e+00
2.711292743682861328e+00
3.310745716094970703e+00
3.174507141113281250e+00
3.371670961380004883e+00
3.846486806869506836e+00
3.365161180496215820e+00
3.332844972610473633e+00
3.430353164672851562e+00
3.457879781723022461e+00
3.513591527938842773e+00
4.194819927215576172e+00
