2.785045242309570312e+01
2.256811714172363281e+01
8.343547821044921875e+00
4.499776840209960938e+00
4.676301002502441406e+00
3.543364286422729492e+00
3.770797729492187500e+00
3.481772422790527344e+00
3.790637016296386719e+00
3.007091760635375977e+00
2.156932115554809570e+00
2.619388580322265625e+00
2.405958175659179688e+00
2.686926364898681641e+00
1.893156647682189941e+00
2.375673532485961914e+00
2.726662397384643555e+00
2.419820070266723633e+00
2.426363706588745117e+00
2.660254955291748047e+00
1.936331391334533691e+00
2.271387577056884766e+00
3.545061588287353516e+00
1.471713781356811523e+00
2.614497661590576172e+00
3.376557111740112305e+00
3.072267770767211914e+00
4.953107357025146484e+00
1.501634240150451660e+00
1.683314800262451172e+00
1.715800285339355469e+00
1.520621538162231445e+00
2.031364917755126953e+00
2.070677280426025391e+00
1.435034990310668945e+00
1.562654733657836914e+00
2.140519857406616211e+00
1.240349411964416504e+00
1.654317855834960938e+00
2.314401626586914062e+00
1.811219096183776855e+00
2.909345626831054688e+00
1.625261545181274414e+00
1.500904798507690430e+00
1.545878648757934570e+00
1.500075817108154297e+00
1.526835083961486816e+00
2.114152431488037109e+00
1.587018013000488281e+00
1.871622800827026367e+00
1.564239621162414551e+00
3.066043376922607422e+00
2.599329710006713867e+00
2.628308773040771484e+00
2.076086759567260742e+00
4.979996204376220703e+00
2.847748994827270508e+00
1.732950806617736816e+00
2.079098463058471680e+00
1.934599995613098145e+00
2.109058380126953125e+00
2.463827133178710938e+00
3.000900506973266602e+00
4.386830806732177734e+00
4.281221389770507812e+00
4.986264705657958984e+00
5.196027755737304688e+00
6.105152130126953125e+00
7.258979797363281250e+00
6.586877822875976562e+00
7.244275093078613281e+00
6.187846183776855469e+00
1.158975601196289062e+01
8.003288269042968750e+00
6.240825653076171875e+00
9.087749481201171875e+00
8.924056053161621094e+00
6.066576004028320312e+00
7.398661613464355469e+00
8.462601661682128906e+00
7.100613594055175781e+00
2.251814842224121094e+00
2.047515630722045898e+00
1.509509444236755371e+00
2.005032062530517578e+00
1.531772851943969727e+00
1.659657955169677734e+00
1.649043083190917969e+00
1.938365936279296875e+00
1.406989336013793945e+00
1.370955586433410645e+00
1.307038426399230957e+00
1.170515060424804688e+00
1.311386704444885254e+00
1.348627328872680664e+00
1.354477524757385254e+00
1.286895394325256348e+00
1.296950578689575195e+00
1.167035579681396484e+00
1.160766601562500000e+00
1.221167087554931641e+00
1.158538937568664551e+00
1.059616923332214355e+00
1.023045182228088379e+00
1.157055497169494629e+00
1.017195343971252441e+00
1.278643369674682617e+00
1.348547220230102539e+00
1.115942001342773438e+00
1.089749932289123535e+00
1.657331824302673340e+00
1.277003407478332520e+00
1.227729916572570801e+00
1.748332500457763672e+00
1.110923647880554199e+00
1.361879706382751465e+00
1.581641793251037598e+00
1.546764850616455078e+00
1.678449869155883789e+00
1.322217464447021484e+00
1.862637996673583984e+00
1.628943204879760742e+00
1.523592114448547363e+00
2.238646030426025391e+00
3.934503078460693359e+00
1.759433746337890625e+00
1.976315975189208984e+00
1.605224013328552246e+00
1.178617238998413086e+00
1.298958063125610352e+00
1.861813306808471680e+00
1.433317065238952637e+00
1.819230198860168457e+00
1.489876270294189453e+00
2.036741495132446289e+00
1.699997663497924805e+00
1.641055703163146973e+00
1.926044702529907227e+00
2.154905796051025391e+00
1.721124291419982910e+00
2.203862428665161133e+00
1.274593353271484375e+00
1.552131652832031250e+00
2.114753961563110352e+00
1.977938652038574219e+00
2.860001564025878906e+00
4.017391204833984375e+00
5.174749374389648438e+00
5.563767433166503906e+00
5.477303981781005859e+00
5.671707153320312500e+00
5.949698448181152344e+00
6.457588672637939453e+00
6.320602416992187500e+00
6.601643562316894531e+00
6.350002765655517578e+00
6.541390419006347656e+00
6.926216602325439453e+00
6.577286720275878906e+00
6.233572006225585938e+00
6.356366157531738281e+00
7.104002475738525391e+00
9.692481040954589844e+00
6.631484031677246094e+00
6.673243045806884766e+00
7.612881660461425781e+00
7.219675064086914062e+00
7.449029922485351562e+00
7.407296657562255859e+00
7.464380741119384766e+00
7.311059474945068359e+00
6.763260364532470703e+00
7.854129791259765625e+00
6.391657829284667969e+00
6.567453384399414062e+00
6.342377662658691406e+00
6.946639537811279297e+00
6.764137268066406250e+00
6.695622920989990234e+00
6.610200881958007812e+00
8.097873687744140625e+00
6.967853546142578125e+00
7.382521629333496094e+00
7.448727607727050781e+00
6.820508003234863281e+00
7.436385154724121094e+00
6.824117660522460938e+00
6.675583839416503906e+00
6.748241424560546875e+00
7.268834590911865234e+00
7.883730888366699219e+00
7.308859348297119141e+00
8.889129638671875000e+00
9.142904281616210938e+00
8.955228805541992188e+00
9.326282501220703125e+00
1.101248550415039062e+01
1.155123329162597656e+01
9.873247146606445312e+00
9.189290046691894531e+00
9.651205062866210938e+00
1.600166320800781250e+01
4.317477035522460938e+01
4.010124206542968750e+01
1.216234588623046875e+01
4.689525604248046875e+00
4.359552383422851562e+00
3.261946201324462891e+00
1.989468097686767578e+00
2.068253517150878906e+00
2.580263376235961914e+00
2.473074197769165039e+00
2.218717575073242188e+00
2.489138126373291016e+00
2.332747459411621094e+00
1.972293496131896973e+00
2.150853633880615234e+00
1.510266542434692383e+00
1.437610268592834473e+00
1.462693691253662109e+00
1.294612407684326172e+00
1.536998987197875977e+00
1.170624971389770508e+00
1.408826589584350586e+00
1.179539203643798828e+00
1.335492491722106934e+00
1.320964813232421875e+00
1.222591757774353027e+00
1.483474731445312500e+00
1.565613389015197754e+00
1.544234514236450195e+00
1.423226237297058105e+00
1.426862716674804688e+00
1.425932168960571289e+00
1.387410879135131836e+00
1.453582048416137695e+00
1.630642890930175781e+00
1.528047680854797363e+00
1.585688591003417969e+00
1.690089941024780273e+00
1.736909389495849609e+00
1.454172134399414062e+00
1.673531293869018555e+00
1.713556647300720215e+00
1.723532438278198242e+00
1.809032917022705078e+00
1.626518368721008301e+00
1.975260257720947266e+00
1.690351843833923340e+00
1.752962231636047363e+00
1.936199426651000977e+00
1.595299482345581055e+00
1.753321647644042969e+00
2.083671808242797852e+00
1.649889349937438965e+00
1.885750293731689453e+00
1.947890758514404297e+00
2.085638523101806641e+00
1.700770378112792969e+00
2.040476083755493164e+00
1.909686803817749023e+00
1.961405873298645020e+00
2.244709968566894531e+00
1.808690190315246582e+00
2.082703828811645508e+00
1.737409114837646484e+00
2.435881614685058594e+00
1.813815116882324219e+00
1.850767612457275391e+00
1.814331650733947754e+00
2.238749504089355469e+00
1.625888705253601074e+00
2.067581176757812500e+00
2.332023143768310547e+00
1.842720985412597656e+00
1.637093305587768555e+00
2.328821182250976562e+00
2.073745965957641602e+00
2.132254838943481445e+00
1.831496000289916992e+00
2.432240247726440430e+00
1.816288232803344727e+00
2.051640033721923828e+00
1.776945590972900391e+00
1.763055086135864258e+00
1.953156948089599609e+00
2.138785362243652344e+00
1.873585700988769531e+00
2.158951282501220703e+00
2.127363920211791992e+00
2.820983648300170898e+00
1.798792600631713867e+00
1.872398614883422852e+00
2.322821617126464844e+00
1.819773316383361816e+00
1.975080728530883789e+00
2.120404243469238281e+00
2.136919021606445312e+00
2.190805673599243164e+00
2.434406280517578125e+00
2.223977804183959961e+00
1.817171096801757812e+00
2.163960456848144531e+00
2.240849971771240234e+00
1.669949650764465332e+00
1.900399804115295410e+00
2.027819395065307617e+00
2.128275871276855469e+00
2.753692626953125000e+00
2.346609115600585938e+00
1.944924235343933105e+00
2.336260795593261719e+00
2.504844665527343750e+00
2.488267660140991211e+00
2.198243618011474609e+00
2.482008695602416992e+00
2.284510135650634766e+00
2.514558553695678711e+00
2.424787759780883789e+00
2.367195844650268555e+00
2.414479732513427734e+00
1.915966510772705078e+00
1.663930892944335938e+00
1.857766866683959961e+00
1.997084259986877441e+00
2.155305862426757812e+00
1.738131046295166016e+00
2.119750499725341797e+00
2.246421337127685547e+00
3.017462491989135742e+00
2.236609220504760742e+00
2.572752475738525391e+00
2.932655811309814453e+00
1.352021455764770508e+00
1.456687331199645996e+00
1.848633527755737305e+00
1.782938122749328613e+00
1.870338320732116699e+00
1.955399751663208008e+00
2.071411848068237305e+00
2.336407423019409180e+00
2.255586624145507812e+00
2.248809814453125000e+00
2.310573339462280273e+00
2.375763893127441406e+00
2.298687458038330078e+00
2.603325128555297852e+00
3.130632638931274414e+00
2.585328340530395508e+00
2.438646793365478516e+00
2.185354232788085938e+00
2.346220731735229492e+00
2.809065341949462891e+00
1.837664365768432617e+00
2.964946746826171875e+00
3.003108501434326172e+00
2.899868726730346680e+00
3.147964715957641602e+00
3.153446435928344727e+00
3.304883480072021484e+00
2.981015205383300781e+00
2.321911811828613281e+00
2.456781625747680664e+00
2.780914783477783203e+00
2.845193386077880859e+00
2.727594852447509766e+00
3.425155878067016602e+00
3.527624607086181641e+00
3.803523063659667969e+00
3.960162639617919922e+00
4.053390502929687500e+00
4.530832767486572266e+00
3.778761386871337891e+00
4.176107883453369141e+00
3.156625032424926758e+00
2.182037591934204102e+00
2.932630300521850586e+00
3.117178916931152344e+00
3.161045312881469727e+00
3.121957778930664062e+00
2.598219394683837891e+00
2.724792242050170898e+00
3.376987457275390625e+00
3.555749177932739258e+00
3.738846778869628906e+00
3.784967422485351562e+00
3.904728412628173828e+00
4.098056316375732422e+00
4.524277210235595703e+00
4.584715843200683594e+00
4.925394535064697266e+00
5.195463657379150391e+00
5.136089801788330078e+00
5.447551727294921875e+00
5.878654003143310547e+00
5.718911170959472656e+00
5.936441421508789062e+00
5.869583129882812500e+00
6.265953063964843750e+00
6.396100997924804688e+00
