2.756262016296386719e+01
2.114350128173828125e+01
7.230633258819580078e+00
4.103729724884033203e+00
4.124946594238281250e+00
3.537247657775878906e+00
3.750251531600952148e+00
3.113019466400146484e+00
3.285704851150512695e+00
2.753910303115844727e+00
2.730068683624267578e+00
2.465175628662109375e+00
2.524275302886962891e+00
2.142666578292846680e+00
2.619745492935180664e+00
1.903887271881103516e+00
3.335995674133300781e+00
2.050878524780273438e+00
2.924220085144042969e+00
2.582478046417236328e+00
5.113245487213134766e+00
1.841039419174194336e+00
2.202387094497680664e+00
2.668809890747070312e+00
3.509179353713989258e+00
2.307693481445312500e+00
1.934059619903564453e+00
4.362251281738281250e+00
5.962718963623046875e+00
1.283362865447998047e+00
1.623512983322143555e+00
1.570417404174804688e+00
1.544236898422241211e+00
1.546059727668762207e+00
1.374133825302124023e+00
1.962496042251586914e+00
1.427345037460327148e+00
1.435315132141113281e+00
2.179371356964111328e+00
2.638493776321411133e+00
2.230300903320312500e+00
2.723320484161376953e+00
4.566335201263427734e+00
4.571229934692382812e+00
2.363862514495849609e+00
2.036415338516235352e+00
1.770560383796691895e+00
1.702053308486938477e+00
1.637376189231872559e+00
1.397186517715454102e+00
1.439767599105834961e+00
1.906454324722290039e+00
3.054793596267700195e+00
4.830682754516601562e+00
5.116515159606933594e+00
1.335403919219970703e+00
1.819584965705871582e+00
2.099039316177368164e+00
1.668142318725585938e+00
1.194787979125976562e+00
1.603185415267944336e+00
1.343118667602539062e+00
1.047651767730712891e+00
1.092108011245727539e+00
1.222197771072387695e+00
1.229744791984558105e+00
1.199848175048828125e+00
2.007771492004394531e+00
2.478177070617675781e+00
9.294543266296386719e-01
1.214200019836425781e+00
8.826764822006225586e-01
1.020357489585876465e+00
9.818581342697143555e-01
1.103266954421997070e+00
1.180215358734130859e+00
1.294766902923583984e+00
2.477727651596069336e+00
1.427948474884033203e+00
2.220058202743530273e+00
3.000631570816040039e+00
3.686406135559082031e+00
4.847822189331054688e+00
1.879254341125488281e+00
1.523400664329528809e+00
1.634354710578918457e+00
1.400842428207397461e+00
1.147999525070190430e+00
1.605029344558715820e+00
1.713645577430725098e+00
1.595360279083251953e+00
2.132889986038208008e+00
2.416824579238891602e+00
3.765545129776000977e+00
1.260524272918701172e+00
1.695008397102355957e+00
1.571523189544677734e+00
1.224692583084106445e+00
1.179302692413330078e+00
1.179277896881103516e+00
1.314604759216308594e+00
1.231618523597717285e+00
1.480709433555603027e+00
1.578091740608215332e+00
2.090882778167724609e+00
3.181263446807861328e+00
1.027688741683959961e+00
1.214622497558593750e+00
1.193844556808471680e+00
1.146604537963867188e+00
1.124710917472839355e+00
1.018067598342895508e+00
1.045855998992919922e+00
1.070859313011169434e+00
1.084043622016906738e+00
1.290681242942810059e+00
1.150264143943786621e+00
1.464203596115112305e+00
1.858662486076354980e+00
2.728618621826171875e+00
1.749022126197814941e+00
1.338627815246582031e+00
1.340632319450378418e+00
1.717110633850097656e+00
1.608901262283325195e+00
2.008955478668212891e+00
1.613891482353210449e+00
2.151735305786132812e+00
2.240427970886230469e+00
3.318013429641723633e+00
2.061722040176391602e+00
1.937538862228393555e+00
1.264261960983276367e+00
1.193316936492919922e+00
1.137359380722045898e+00
1.118715524673461914e+00
1.153364539146423340e+00
1.116932749748229980e+00
1.468580484390258789e+00
1.323217391967773438e+00
1.015316724777221680e+00
1.321355581283569336e+00
1.063306808471679688e+00
1.217928290367126465e+00
1.353068470954895020e+00
1.342992067337036133e+00
1.315721750259399414e+00
1.174621582031250000e+00
1.282065391540527344e+00
1.271544933319091797e+00
1.205039501190185547e+00
1.477273464202880859e+00
1.468157052993774414e+00
1.613183140754699707e+00
1.593590974807739258e+00
1.781027317047119141e+00
2.443999767303466797e+00
1.316144227981567383e+00
2.496911048889160156e+00
9.151334762573242188e-01
1.247182846069335938e+00
1.451356053352355957e+00
2.208045005798339844e+00
1.900102853775024414e+00
3.162773132324218750e+00
4.117579460144042969e+00
1.310208797454833984e+00
1.969909191131591797e+00
1.933298587799072266e+00
1.984426021575927734e+00
2.288360357284545898e+00
2.988622426986694336e+00
2.982766866683959961e+00
1.656329870223999023e+00
2.130273103713989258e+00
3.407278299331665039e+00
3.744247436523437500e+00
5.049393653869628906e+00
5.838164806365966797e+00
4.870453834533691406e+00
5.113213062286376953e+00
5.490108966827392578e+00
6.185544490814208984e+00
6.853801727294921875e+00
7.623498916625976562e+00
9.746744155883789062e+00
7.229806900024414062e+00
7.187901973724365234e+00
6.994631290435791016e+00
9.556565284729003906e+00
1.442050933837890625e+01
7.960789203643798828e+00
8.903141975402832031e+00
7.619010925292968750e+00
9.001908302307128906e+00
8.157891273498535156e+00
8.805624008178710938e+00
1.186558151245117188e+01
9.455039024353027344e+00
6.671133041381835938e+00
7.429150581359863281e+00
6.737590789794921875e+00
6.855074882507324219e+00
7.429605007171630859e+00
6.184100627899169922e+00
6.024713993072509766e+00
7.486939907073974609e+00
6.280372619628906250e+00
7.219456195831298828e+00
7.830692291259765625e+00
7.468369960784912109e+00
7.492234706878662109e+00
6.699860095977783203e+00
7.389984130859375000e+00
1.099976634979248047e+01
6.871223449707031250e+00
8.523690223693847656e+00
7.928928375244140625e+00
7.400835990905761719e+00
7.458230018615722656e+00
7.410981178283691406e+00
7.067201137542724609e+00
7.095880508422851562e+00
7.874423027038574219e+00
6.998396873474121094e+00
6.833445549011230469e+00
7.307318210601806641e+00
7.111524105072021484e+00
7.374706268310546875e+00
6.371876716613769531e+00
6.933177947998046875e+00
1.020893383026123047e+01
7.964715003967285156e+00
6.652274131774902344e+00
7.338858604431152344e+00
6.808705806732177734e+00
6.835160255432128906e+00
6.865964889526367188e+00
8.228086471557617188e+00
9.968581199645996094e+00
7.680949211120605469e+00
7.112187862396240234e+00
6.657610893249511719e+00
6.571877002716064453e+00
6.695689201354980469e+00
8.060180664062500000e+00
6.450219154357910156e+00
8.023810386657714844e+00
7.464496135711669922e+00
8.476786613464355469e+00
9.760606765747070312e+00
9.672245979309082031e+00
8.048002243041992188e+00
8.168353080749511719e+00
8.967507362365722656e+00
7.882051944732666016e+00
8.230108261108398438e+00
8.866338729858398438e+00
8.507167816162109375e+00
8.712807655334472656e+00
8.135873794555664062e+00
8.071548461914062500e+00
8.078309059143066406e+00
8.156579971313476562e+00
8.056294441223144531e+00
7.883313179016113281e+00
9.572967529296875000e+00
8.276656150817871094e+00
9.298013687133789062e+00
9.607072830200195312e+00
8.585334777832031250e+00
8.644890785217285156e+00
7.914037704467773438e+00
9.291179656982421875e+00
8.035703659057617188e+00
8.487489700317382812e+00
8.347930908203125000e+00
3.725636291503906250e+01
1.132703685760498047e+01
6.564661979675292969e+00
4.892397880554199219e+00
5.876824378967285156e+00
4.170223236083984375e+00
3.259218215942382812e+00
4.344037532806396484e+00
4.386508941650390625e+00
4.526791095733642578e+00
3.818047523498535156e+00
4.740639686584472656e+00
4.987473487854003906e+00
5.358640670776367188e+00
5.786041259765625000e+00
6.865147113800048828e+00
7.181798934936523438e+00
8.696338653564453125e+00
5.781613349914550781e+00
3.415348052978515625e+00
3.388270139694213867e+00
3.128327846527099609e+00
3.223059415817260742e+00
3.121343135833740234e+00
3.328167676925659180e+00
2.911030769348144531e+00
3.388595342636108398e+00
3.330256462097167969e+00
2.400596141815185547e+00
2.828073024749755859e+00
1.972099661827087402e+00
2.702196121215820312e+00
3.946300506591796875e+00
4.793922424316406250e+00
5.234323501586914062e+00
5.571160793304443359e+00
6.074244976043701172e+00
5.816044807434082031e+00
5.685819625854492188e+00
5.653328895568847656e+00
5.770215511322021484e+00
5.634275436401367188e+00
5.696166038513183594e+00
5.332260608673095703e+00
5.118842124938964844e+00
5.429561614990234375e+00
4.976254940032958984e+00
5.321160793304443359e+00
5.395329475402832031e+00
5.678132057189941406e+00
6.047624588012695312e+00
5.548069000244140625e+00
5.164961814880371094e+00
5.118331909179687500e+00
5.939559936523437500e+00
4.838844299316406250e+00
5.248403549194335938e+00
5.088619232177734375e+00
5.770051956176757812e+00
5.245131015777587891e+00
6.559496402740478516e+00
5.316689491271972656e+00
5.106614589691162109e+00
5.973651885986328125e+00
6.063963890075683594e+00
5.840830802917480469e+00
5.265800476074218750e+00
5.789431571960449219e+00
5.653858184814453125e+00
6.170523166656494141e+00
7.080978393554687500e+00
5.783392429351806641e+00
6.292477607727050781e+00
6.176592826843261719e+00
6.240920066833496094e+00
6.422360420227050781e+00
6.057371139526367188e+00
5.829797744750976562e+00
5.827300071716308594e+00
5.548661708831787109e+00
5.511409282684326172e+00
6.216434955596923828e+00
6.603219985961914062e+00
6.325472831726074219e+00
9.406637191772460938e+00
7.765069007873535156e+00
5.661217689514160156e+00
5.741209506988525391e+00
4.836036682128906250e+00
4.967788696289062500e+00
7.009900093078613281e+00
5.772103309631347656e+00
7.388657569885253906e+00
6.123455047607421875e+00
6.326488494873046875e+00
6.783529281616210938e+00
7.490026473999023438e+00
1.036898422241210938e+01
1.107834625244140625e+01
1.057106113433837891e+01
8.909931182861328125e+00
8.118856430053710938e+00
7.633994579315185547e+00
6.809679031372070312e+00
7.084042072296142578e+00
7.130043983459472656e+00
6.376697540283203125e+00
6.253510475158691406e+00
6.071047782897949219e+00
5.895732402801513672e+00
6.044913291931152344e+00
6.777554988861083984e+00
6.628813743591308594e+00
6.992401123046875000e+00
7.025044441223144531e+00
6.488093376159667969e+00
6.565671920776367188e+00
7.328893661499023438e+00
6.624505043029785156e+00
6.768285751342773438e+00
6.581983566284179688e+00
6.667917251586914062e+00
6.348924636840820312e+00
6.778899192810058594e+00
8.482537269592285156e+00
8.211537361145019531e+00
7.096779346466064453e+00
7.825675487518310547e+00
7.280755996704101562e+00
6.769191741943359375e+00
6.648284435272216797e+00
6.990675926208496094e+00
6.745126247406005859e+00
7.262450695037841797e+00
6.497140407562255859e+00
6.783592224121093750e+00
7.368052005767822266e+00
7.416590213775634766e+00
7.235981941223144531e+00
7.212919235229492188e+00
7.448081970214843750e+00
7.616497993469238281e+00
7.125079154968261719e+00
7.536075592041015625e+00
7.831110477447509766e+00
7.636439323425292969e+00
7.061697483062744141e+00
6.896166324615478516e+00
8.354358673095703125e+00
8.225957870483398438e+00
7.703575611114501953e+00
7.197249889373779297e+00
7.241444587707519531e+00
7.569244384765625000e+00
7.304263114929199219e+00
6.960411548614501953e+00
7.612380981445312500e+00
7.691469669342041016e+00
7.850665092468261719e+00
7.465834140777587891e+00
7.546981811523437500e+00
7.111009597778320312e+00
7.856560707092285156e+00
7.852223873138427734e+00
7.232242107391357422e+00
8.008398056030273438e+00
7.913207530975341797e+00
7.597996711730957031e+00
9.554693222045898438e+00
8.853002548217773438e+00
7.990166664123535156e+00
7.693590164184570312e+00
9.445580482482910156e+00
8.334304809570312500e+00
7.974114418029785156e+00
8.303722381591796875e+00
7.784782886505126953e+00
7.439244747161865234e+00
7.310205936431884766e+00
8.006373405456542969e+00
7.887306213378906250e+00
8.128428459167480469e+00
7.919719696044921875e+00
7.918582916259765625e+00
8.145647048950195312e+00
1.506284904479980469e+01
9.477979660034179688e+00
8.740704536437988281e+00
8.452929496765136719e+00
8.571252822875976562e+00
8.197665214538574219e+00
8.340026855468750000e+00
8.366358757019042969e+00
9.298734664916992188e+00
9.011176109313964844e+00
8.370306015014648438e+00
8.876235961914062500e+00
7.820766925811767578e+00
7.984360218048095703e+00
7.992020606994628906e+00
8.091382026672363281e+00
7.483688354492187500e+00
7.932481288909912109e+00
7.703143119812011719e+00
8.014658927917480469e+00
8.781650543212890625e+00
8.395547866821289062e+00
8.788722991943359375e+00
8.649374008178710938e+00
8.356362342834472656e+00
8.069793701171875000e+00
8.968830108642578125e+00
8.676022529602050781e+00
8.610259056091308594e+00
8.645708084106445312e+00
8.760826110839843750e+00
8.871219635009765625e+00
8.496576309204101562e+00
8.588463783264160156e+00
8.210100173950195312e+00
8.650011062622070312e+00
8.419333457946777344e+00
8.233911514282226562e+00
8.617978096008300781e+00
8.997966766357421875e+00
8.356866836547851562e+00
8.493011474609375000e+00
8.512498855590820312e+00
8.641517639160156250e+00
9.121084213256835938e+00
8.549354553222656250e+00
8.760599136352539062e+00
8.336488723754882812e+00
8.804695129394531250e+00
8.697944641113281250e+00
8.576657295227050781e+00
9.331676483154296875e+00
8.671073913574218750e+00
8.475665092468261719e+00
8.672399520874023438e+00
8.702294349670410156e+00
8.850111007690429688e+00
8.796104431152343750e+00
8.580320358276367188e+00
8.757840156555175781e+00
8.742715835571289062e+00
8.482222557067871094e+00
8.562505722045898438e+00
8.835258483886718750e+00
8.624977111816406250e+00
8.750404357910156250e+00
8.413726806640625000e+00
8.771746635437011719e+00
8.766984939575195312e+00
8.919830322265625000e+00
8.932689666748046875e+00
8.729315757751464844e+00
8.584173202514648438e+00
8.673789978027343750e+00
8.526123046875000000e+00
8.833620071411132812e+00
8.730107307434082031e+00
8.902140617370605469e+00
8.507099151611328125e+00
8.346360206604003906e+00
8.743396759033203125e+00
8.373156547546386719e+00
8.391622543334960938e+00
8.383445739746093750e+00
8.152265548706054688e+00
8.277721405029296875e+00
8.340600967407226562e+00
8.299883842468261719e+00
8.195137023925781250e+00
8.664311408996582031e+00
8.270426750183105469e+00
9.057912826538085938e+00
8.122875213623046875e+00
8.313882827758789062e+00
8.599988937377929688e+00
1.049325656890869141e+01
8.846836090087890625e+00
8.936788558959960938e+00
8.674780845642089844e+00
8.728312492370605469e+00
8.453577041625976562e+00
8.734301567077636719e+00
9.122324943542480469e+00
8.735127449035644531e+00
8.699317932128906250e+00
8.643866539001464844e+00
8.656065940856933594e+00
8.731508255004882812e+00
8.799328804016113281e+00
8.149547576904296875e+00
8.895927429199218750e+00
8.827865600585937500e+00
9.146484375000000000e+00
8.744069099426269531e+00
8.840923309326171875e+00
8.657745361328125000e+00
8.451061248779296875e+00
8.616409301757812500e+00
8.520696640014648438e+00
8.528732299804687500e+00
8.450344085693359375e+00
8.539188385009765625e+00
8.828167915344238281e+00
8.833618164062500000e+00
8.864974021911621094e+00
9.562137603759765625e+00
8.312684059143066406e+00
8.876223564147949219e+00
8.941458702087402344e+00
8.680555343627929688e+00
9.407571792602539062e+00
9.027007102966308594e+00
8.938289642333984375e+00
8.723848342895507812e+00
8.548015594482421875e+00
8.544132232666015625e+00
8.569869995117187500e+00
8.456682205200195312e+00
