2.794410514831542969e+01
2.213459968566894531e+01
7.989451408386230469e+00
4.857017993927001953e+00
4.429446220397949219e+00
3.214746475219726562e+00
3.640650033950805664e+00
3.976434230804443359e+00
3.445582389831542969e+00
2.868029356002807617e+00
2.806455135345458984e+00
2.655558586120605469e+00
2.571267127990722656e+00
2.329486131668090820e+00
2.741967439651489258e+00
2.830309391021728516e+00
3.805589437484741211e+00
1.264857053756713867e+00
1.944799065589904785e+00
2.818680763244628906e+00
4.370677947998046875e+00
5.358856201171875000e+00
2.837259531021118164e+00
1.353628516197204590e+00
1.133718490600585938e+00
1.405509829521179199e+00
1.217674612998962402e+00
1.166282415390014648e+00
1.313084244728088379e+00
1.268177151679992676e+00
1.323610305786132812e+00
1.564356327056884766e+00
2.127088546752929688e+00
2.728880405426025391e+00
3.047661781311035156e+00
3.029960393905639648e+00
1.380939483642578125e+00
1.166302084922790527e+00
1.049536943435668945e+00
1.132781028747558594e+00
1.013628959655761719e+00
1.229757070541381836e+00
1.088029623031616211e+00
1.177027702331542969e+00
1.310119390487670898e+00
1.185682773590087891e+00
1.502781510353088379e+00
2.060731410980224609e+00
1.405626296997070312e+00
1.651687383651733398e+00
1.696120023727416992e+00
1.680231094360351562e+00
3.119668006896972656e+00
3.418023109436035156e+00
2.170446395874023438e+00
2.135152339935302734e+00
2.050119400024414062e+00
1.556915044784545898e+00
1.605334281921386719e+00
3.023812770843505859e+00
1.695273995399475098e+00
1.830388188362121582e+00
2.252302646636962891e+00
2.702188253402709961e+00
2.471693038940429688e+00
2.887622833251953125e+00
1.122451543807983398e+00
1.176046133041381836e+00
1.623812437057495117e+00
1.451166868209838867e+00
2.047289133071899414e+00
1.973270654678344727e+00
3.204171895980834961e+00
5.575707435607910156e+00
2.391603231430053711e+00
1.438537240028381348e+00
1.420550584793090820e+00
1.300934314727783203e+00
1.318783283233642578e+00
1.348893404006958008e+00
1.150688409805297852e+00
1.152893066406250000e+00
1.213840961456298828e+00
1.291725039482116699e+00
1.110915899276733398e+00
1.002079367637634277e+00
1.188313722610473633e+00
1.143119096755981445e+00
1.411150336265563965e+00
1.329760432243347168e+00
1.202197551727294922e+00
1.138179898262023926e+00
1.197721838951110840e+00
9.768802523612976074e-01
1.007271647453308105e+00
1.228165864944458008e+00
1.509321451187133789e+00
1.730070590972900391e+00
1.349833250045776367e+00
1.588565707206726074e+00
1.565959930419921875e+00
1.495481014251708984e+00
1.456987500190734863e+00
1.951813578605651855e+00
1.966221094131469727e+00
1.578831553459167480e+00
1.655325889587402344e+00
2.309517383575439453e+00
1.996177792549133301e+00
1.543668031692504883e+00
1.947838425636291504e+00
1.551210284233093262e+00
1.396249294281005859e+00
2.343939304351806641e+00
1.210933804512023926e+00
1.687677741050720215e+00
2.820536613464355469e+00
2.535829782485961914e+00
2.446201801300048828e+00
1.782518506050109863e+00
1.416681766510009766e+00
1.907353401184082031e+00
3.769171953201293945e+00
3.590697050094604492e+00
2.580355644226074219e+00
1.621937274932861328e+00
1.334220051765441895e+00
1.457517385482788086e+00
1.552504181861877441e+00
1.438227176666259766e+00
2.398876190185546875e+00
1.829744100570678711e+00
1.529583811759948730e+00
1.913082957267761230e+00
3.444296598434448242e+00
1.096823692321777344e+00
1.059948325157165527e+00
1.149381875991821289e+00
1.160953998565673828e+00
1.118053317070007324e+00
1.121971845626831055e+00
1.274430751800537109e+00
1.347192883491516113e+00
1.494133472442626953e+00
1.744930267333984375e+00
2.016971111297607422e+00
2.377503395080566406e+00
1.876695394515991211e+00
1.253344655036926270e+00
1.680346727371215820e+00
2.301178216934204102e+00
2.328674793243408203e+00
1.919946432113647461e+00
3.383093833923339844e+00
3.734214544296264648e+00
1.517224311828613281e+00
1.440168976783752441e+00
1.018070936203002930e+00
1.314764499664306641e+00
1.188586473464965820e+00
1.257364869117736816e+00
1.269610404968261719e+00
1.103314518928527832e+00
1.235508322715759277e+00
1.164290070533752441e+00
1.222887754440307617e+00
1.270373344421386719e+00
1.189537048339843750e+00
1.103901028633117676e+00
1.172786831855773926e+00
1.064062833786010742e+00
1.181334495544433594e+00
1.143130421638488770e+00
1.204680800437927246e+00
1.316053867340087891e+00
1.323534250259399414e+00
1.122800946235656738e+00
1.368193149566650391e+00
1.544764280319213867e+00
2.491591453552246094e+00
1.323227167129516602e+00
1.458774089813232422e+00
1.580795526504516602e+00
1.502903699874877930e+00
2.333926677703857422e+00
1.191029787063598633e+00
1.218150496482849121e+00
2.253619909286499023e+00
3.207501888275146484e+00
1.088232755661010742e+00
1.321803569793701172e+00
1.307141661643981934e+00
1.345601558685302734e+00
1.557082891464233398e+00
1.684532999992370605e+00
1.567246317863464355e+00
1.896836042404174805e+00
1.292945384979248047e+00
1.692054510116577148e+00
1.581807136535644531e+00
1.704225778579711914e+00
1.941076040267944336e+00
1.885538816452026367e+00
1.650447845458984375e+00
1.715138316154479980e+00
2.062571525573730469e+00
2.450860023498535156e+00
1.153415322303771973e+00
1.128785610198974609e+00
1.229924440383911133e+00
1.143496274948120117e+00
1.293566226959228516e+00
1.239812374114990234e+00
1.366583347320556641e+00
1.245254278182983398e+00
1.256380796432495117e+00
1.283567667007446289e+00
1.505306959152221680e+00
1.356562137603759766e+00
1.526427984237670898e+00
1.731955051422119141e+00
1.203198432922363281e+00
1.543341875076293945e+00
1.627383232116699219e+00
1.212275147438049316e+00
1.219552993774414062e+00
1.266331911087036133e+00
1.783025026321411133e+00
2.012845516204833984e+00
2.217854022979736328e+00
1.479803562164306641e+00
2.410878181457519531e+00
2.572073459625244141e+00
1.898433923721313477e+00
3.292623043060302734e+00
7.453371047973632812e+00
1.224244356155395508e+00
1.289024591445922852e+00
1.327123165130615234e+00
1.348955512046813965e+00
1.192095518112182617e+00
1.171875596046447754e+00
1.263779878616333008e+00
1.305294036865234375e+00
1.201863408088684082e+00
1.380500674247741699e+00
1.341309666633605957e+00
1.268591761589050293e+00
1.378143191337585449e+00
1.406579852104187012e+00
1.501005411148071289e+00
1.173180818557739258e+00
1.576700329780578613e+00
1.399011611938476562e+00
1.614129781723022461e+00
1.488621950149536133e+00
1.667613029479980469e+00
1.439893960952758789e+00
1.363738417625427246e+00
1.538347244262695312e+00
1.767019987106323242e+00
1.658421039581298828e+00
2.008664369583129883e+00
2.676315784454345703e+00
1.640152096748352051e+00
2.705040693283081055e+00
2.195775270462036133e+00
2.573721885681152344e+00
4.359751224517822266e+00
1.264235734939575195e+00
1.459168791770935059e+00
1.430487751960754395e+00
1.572143077850341797e+00
2.100189208984375000e+00
1.646179199218750000e+00
2.155213356018066406e+00
2.141777276992797852e+00
2.149517774581909180e+00
9.090496897697448730e-01
8.879168033599853516e-01
8.660609722137451172e-01
1.084492444992065430e+00
9.072005152702331543e-01
1.051622152328491211e+00
1.064291238784790039e+00
1.060349464416503906e+00
1.039185047149658203e+00
1.015824079513549805e+00
1.194111585617065430e+00
1.085850238800048828e+00
1.026186943054199219e+00
1.142811298370361328e+00
1.234421014785766602e+00
1.067379236221313477e+00
1.137510776519775391e+00
1.201385736465454102e+00
1.298259377479553223e+00
1.111782073974609375e+00
1.262702941894531250e+00
1.203229188919067383e+00
1.190487742424011230e+00
1.246927499771118164e+00
1.178574085235595703e+00
1.197779655456542969e+00
1.212243676185607910e+00
1.274682283401489258e+00
1.187101602554321289e+00
1.390385150909423828e+00
1.317783117294311523e+00
1.309114217758178711e+00
1.331633687019348145e+00
1.275776624679565430e+00
1.423393368721008301e+00
1.533719539642333984e+00
1.566939115524291992e+00
1.848318338394165039e+00
1.823506474494934082e+00
1.691677212715148926e+00
1.598014116287231445e+00
1.469401478767395020e+00
1.771940588951110840e+00
1.685488939285278320e+00
1.786621332168579102e+00
1.750692367553710938e+00
2.182568550109863281e+00
1.529734134674072266e+00
1.995249032974243164e+00
2.217968225479125977e+00
1.997175335884094238e+00
1.520472288131713867e+00
1.763741254806518555e+00
1.344831228256225586e+00
2.446676254272460938e+00
3.314708232879638672e+00
2.547086954116821289e+00
1.628078937530517578e+00
1.631104230880737305e+00
2.172930479049682617e+00
1.445806384086608887e+00
2.394436836242675781e+00
2.758093118667602539e+00
1.618272662162780762e+00
2.870086669921875000e+00
4.205676078796386719e+00
5.003773212432861328e+00
5.477155208587646484e+00
5.496326446533203125e+00
4.895741462707519531e+00
3.232698440551757812e+00
3.629334211349487305e+00
2.105204582214355469e+00
1.746593356132507324e+00
2.143843889236450195e+00
2.769378423690795898e+00
2.962410688400268555e+00
2.699141502380371094e+00
1.366085290908813477e+00
1.661223649978637695e+00
2.010258674621582031e+00
1.808974146842956543e+00
2.158679962158203125e+00
3.328009605407714844e+00
4.739153861999511719e+00
5.832475185394287109e+00
5.800554752349853516e+00
5.773507118225097656e+00
6.087457180023193359e+00
6.496289253234863281e+00
6.801089763641357422e+00
6.743310451507568359e+00
6.836286544799804688e+00
7.145203113555908203e+00
7.394963264465332031e+00
7.330431461334228516e+00
7.440192699432373047e+00
7.359740257263183594e+00
7.379173278808593750e+00
7.683553695678710938e+00
7.608313560485839844e+00
7.811067581176757812e+00
7.602454662322998047e+00
7.712702274322509766e+00
8.065374374389648438e+00
7.731012821197509766e+00
7.956365108489990234e+00
8.014806747436523438e+00
7.997453212738037109e+00
8.085300445556640625e+00
8.344074249267578125e+00
8.328771591186523438e+00
8.365595817565917969e+00
8.436702728271484375e+00
8.537784576416015625e+00
8.834721565246582031e+00
8.669458389282226562e+00
8.695844650268554688e+00
9.015077590942382812e+00
9.189899444580078125e+00
9.202375411987304688e+00
9.137716293334960938e+00
9.267425537109375000e+00
9.332880020141601562e+00
9.288229942321777344e+00
9.424771308898925781e+00
9.513658523559570312e+00
9.619063377380371094e+00
9.698337554931640625e+00
9.761730194091796875e+00
9.833040237426757812e+00
9.619188308715820312e+00
9.394096374511718750e+00
9.385339736938476562e+00
9.501029968261718750e+00
9.288600921630859375e+00
9.363264083862304688e+00
9.246993064880371094e+00
9.003873825073242188e+00
9.053308486938476562e+00
8.833747863769531250e+00
8.962516784667968750e+00
8.641340255737304688e+00
8.434221267700195312e+00
8.423163414001464844e+00
8.240509033203125000e+00
8.022651672363281250e+00
7.929840087890625000e+00
7.778590679168701172e+00
7.748694419860839844e+00
7.528052806854248047e+00
7.534887790679931641e+00
7.518245220184326172e+00
7.572090148925781250e+00
7.388275146484375000e+00
7.254408836364746094e+00
7.436685085296630859e+00
7.507263183593750000e+00
7.646500110626220703e+00
7.775685787200927734e+00
7.792847156524658203e+00
7.847825050354003906e+00
7.486366748809814453e+00
1.317401313781738281e+01
8.830641746520996094e+00
6.015717029571533203e+00
5.718874454498291016e+00
5.434120178222656250e+00
5.721990585327148438e+00
5.742388725280761719e+00
5.691773414611816406e+00
6.088229179382324219e+00
5.461576938629150391e+00
3.934919118881225586e+00
1.905903935432434082e+00
2.309804916381835938e+00
3.005359172821044922e+00
2.592360496520996094e+00
2.371575117111206055e+00
2.595546007156372070e+00
1.260163068771362305e+00
1.889222979545593262e+00
2.092740058898925781e+00
1.906725764274597168e+00
2.033185243606567383e+00
2.184796571731567383e+00
2.069403171539306641e+00
1.687127828598022461e+00
2.142421483993530273e+00
1.676509022712707520e+00
1.807652950286865234e+00
2.276088714599609375e+00
2.822387218475341797e+00
1.286468982696533203e+00
1.410476684570312500e+00
2.027260780334472656e+00
2.007965087890625000e+00
1.987970113754272461e+00
1.542846322059631348e+00
1.740656614303588867e+00
1.969121694564819336e+00
1.661036014556884766e+00
2.112411499023437500e+00
1.824390053749084473e+00
2.007426500320434570e+00
1.969925880432128906e+00
2.444539546966552734e+00
1.639993906021118164e+00
1.608149886131286621e+00
1.860710024833679199e+00
1.818371891975402832e+00
2.028583049774169922e+00
1.984084844589233398e+00
2.711215257644653320e+00
2.812667846679687500e+00
1.683764457702636719e+00
1.953966259956359863e+00
1.696293354034423828e+00
2.221873521804809570e+00
2.061728477478027344e+00
2.536108970642089844e+00
2.379232883453369141e+00
2.146905422210693359e+00
2.290076971054077148e+00
2.407796144485473633e+00
2.690649509429931641e+00
2.475224494934082031e+00
2.449507236480712891e+00
3.239278078079223633e+00
1.863756179809570312e+00
2.384228467941284180e+00
2.572468757629394531e+00
2.779791116714477539e+00
2.738826036453247070e+00
1.917399168014526367e+00
2.067186355590820312e+00
2.279120922088623047e+00
2.390947103500366211e+00
2.420570373535156250e+00
2.400150299072265625e+00
2.453680276870727539e+00
3.435122013092041016e+00
2.640089511871337891e+00
2.237610816955566406e+00
2.778508186340332031e+00
2.647502899169921875e+00
1.810510158538818359e+00
3.126266479492187500e+00
2.302389144897460938e+00
2.473288059234619141e+00
2.337108612060546875e+00
2.662717342376708984e+00
2.559494495391845703e+00
2.130091667175292969e+00
2.573960304260253906e+00
2.522042989730834961e+00
2.713322162628173828e+00
3.499121665954589844e+00
3.302417516708374023e+00
4.539249420166015625e+00
3.886606216430664062e+00
5.024191379547119141e+00
5.863133430480957031e+00
6.723997116088867188e+00
7.159075260162353516e+00
5.128242969512939453e+00
5.100311279296875000e+00
5.421453475952148438e+00
6.733745098114013672e+00
6.625510215759277344e+00
6.747557163238525391e+00
1.091004848480224609e+01
6.341604709625244141e+00
6.835450172424316406e+00
6.824415206909179688e+00
7.324954032897949219e+00
1.073974609375000000e+01
8.139825820922851562e+00
9.088848114013671875e+00
1.873141050338745117e+00
2.268290042877197266e+00
2.274967193603515625e+00
2.274506568908691406e+00
2.683363199234008789e+00
2.684394359588623047e+00
2.815027236938476562e+00
1.896627187728881836e+00
1.922335147857666016e+00
1.832343101501464844e+00
1.822077989578247070e+00
1.609893441200256348e+00
1.585085391998291016e+00
2.064458131790161133e+00
1.988351702690124512e+00
1.813934326171875000e+00
1.579827547073364258e+00
1.862393498420715332e+00
2.063289642333984375e+00
2.170081615447998047e+00
1.974962472915649414e+00
2.376180171966552734e+00
1.752360105514526367e+00
1.996397733688354492e+00
2.289145469665527344e+00
2.083575725555419922e+00
2.030977010726928711e+00
1.759091973304748535e+00
2.191194057464599609e+00
2.089106082916259766e+00
1.738730430603027344e+00
2.122400045394897461e+00
2.179292201995849609e+00
1.929392337799072266e+00
2.133821249008178711e+00
2.082086324691772461e+00
1.707660555839538574e+00
2.048951148986816406e+00
1.761968135833740234e+00
1.928949952125549316e+00
1.973338365554809570e+00
2.179036617279052734e+00
2.109920024871826172e+00
2.332117080688476562e+00
2.081977367401123047e+00
2.292816638946533203e+00
2.145731210708618164e+00
2.280196666717529297e+00
2.365989685058593750e+00
2.426167011260986328e+00
2.441572427749633789e+00
1.825377106666564941e+00
2.161776781082153320e+00
2.689535140991210938e+00
1.935301184654235840e+00
1.996666312217712402e+00
2.698601245880126953e+00
2.396915674209594727e+00
2.503072500228881836e+00
2.850751638412475586e+00
2.379721641540527344e+00
2.203329086303710938e+00
2.394223690032958984e+00
2.256579875946044922e+00
2.919168472290039062e+00
3.031569242477416992e+00
4.210498809814453125e+00
3.302046775817871094e+00
3.052469491958618164e+00
3.751279830932617188e+00
2.492973566055297852e+00
3.717566490173339844e+00
4.473883628845214844e+00
3.953963279724121094e+00
4.602529048919677734e+00
4.972170829772949219e+00
4.861083984375000000e+00
2.460735797882080078e+00
2.898471117019653320e+00
2.277400493621826172e+00
2.168217420578002930e+00
1.933202266693115234e+00
2.429982662200927734e+00
2.163112640380859375e+00
3.730784654617309570e+00
2.060660123825073242e+00
2.377676486968994141e+00
2.729462385177612305e+00
2.678965330123901367e+00
2.665062427520751953e+00
2.660364151000976562e+00
2.902773857116699219e+00
4.279194831848144531e+00
5.889554977416992188e+00
3.337599754333496094e+00
1.782215118408203125e+00
1.898109436035156250e+00
1.864534854888916016e+00
1.776400089263916016e+00
1.894839763641357422e+00
2.176972866058349609e+00
1.791469335556030273e+00
1.938533186912536621e+00
1.814712166786193848e+00
1.637727260589599609e+00
2.031853199005126953e+00
1.954394340515136719e+00
1.947160124778747559e+00
1.777618169784545898e+00
1.965009689331054688e+00
2.337648391723632812e+00
1.624069333076477051e+00
1.824835538864135742e+00
2.053174495697021484e+00
2.203739643096923828e+00
1.929061412811279297e+00
2.062141418457031250e+00
1.921486616134643555e+00
1.984239339828491211e+00
2.936995983123779297e+00
2.659502744674682617e+00
2.429665327072143555e+00
3.482678413391113281e+00
2.762731313705444336e+00
2.653451919555664062e+00
2.976444244384765625e+00
2.524870872497558594e+00
3.470320701599121094e+00
3.358813762664794922e+00
3.382399082183837891e+00
3.322696208953857422e+00
3.438521862030029297e+00
3.535745143890380859e+00
4.985788345336914062e+00
5.194728374481201172e+00
5.901291847229003906e+00
5.979060173034667969e+00
5.390126228332519531e+00
5.491317272186279297e+00
6.321225643157958984e+00
6.300003051757812500e+00
6.822793960571289062e+00
6.038802623748779297e+00
6.273202896118164062e+00
6.705439567565917969e+00
6.500794887542724609e+00
9.303634643554687500e+00
8.697042465209960938e+00
1.009877109527587891e+01
9.077199935913085938e+00
6.515491485595703125e+00
3.568212032318115234e+00
4.113192558288574219e+00
3.904095649719238281e+00
3.217711925506591797e+00
4.190056800842285156e+00
3.448051691055297852e+00
3.704593896865844727e+00
3.660942554473876953e+00
4.228703022003173828e+00
2.717655897140502930e+00
2.941033363342285156e+00
3.260737180709838867e+00
3.175984144210815430e+00
3.569608211517333984e+00
2.551058530807495117e+00
2.861351013183593750e+00
3.085637092590332031e+00
2.521166801452636719e+00
2.561255931854248047e+00
3.030033111572265625e+00
2.580330371856689453e+00
3.544417142868041992e+00
3.602994203567504883e+00
3.729434490203857422e+00
2.888407230377197266e+00
3.590216875076293945e+00
2.962951660156250000e+00
3.109594583511352539e+00
3.951799154281616211e+00
2.764695882797241211e+00
3.968023300170898438e+00
3.016248703002929688e+00
4.636590957641601562e+00
2.594801187515258789e+00
2.632914304733276367e+00
2.604637861251831055e+00
2.361195087432861328e+00
4.165232181549072266e+00
4.151608943939208984e+00
2.817893505096435547e+00
2.556047916412353516e+00
2.983871459960937500e+00
3.328278303146362305e+00
3.492473125457763672e+00
3.685965538024902344e+00
4.633640766143798828e+00
5.529959678649902344e+00
5.379873752593994141e+00
5.470868110656738281e+00
6.186974048614501953e+00
6.554282188415527344e+00
6.327535629272460938e+00
7.933083057403564453e+00
7.210396766662597656e+00
5.708628654479980469e+00
6.797612190246582031e+00
7.121372222900390625e+00
6.221866130828857422e+00
7.764588832855224609e+00
6.283392906188964844e+00
6.140104293823242188e+00
6.168676376342773438e+00
8.728200912475585938e+00
6.768607139587402344e+00
6.168925285339355469e+00
6.579236030578613281e+00
6.818798065185546875e+00
6.346985816955566406e+00
6.530277252197265625e+00
6.603209495544433594e+00
7.355385303497314453e+00
7.567046165466308594e+00
6.866443634033203125e+00
7.235052108764648438e+00
7.970688343048095703e+00
7.244194507598876953e+00
9.377571105957031250e+00
7.051556587219238281e+00
7.357383251190185547e+00
7.776239871978759766e+00
9.119716644287109375e+00
1.055578327178955078e+01
8.191510200500488281e+00
1.004783725738525391e+01
3.504272079467773438e+01
5.616013336181640625e+01
5.600526809692382812e+01
5.498401260375976562e+01
5.869317626953125000e+01
5.450234222412109375e+01
5.672992706298828125e+01
5.479615783691406250e+01
